x1. Attius ΕΤ orricio PitthTA.

tottommto ropotur, ut 111111116111
manu mittantur 6353.

11111 611111 moriturus o 11111, 111111-
111 mortu mittatur t35ti.

manumissi 11111111111 116111111111

11 111111116301.

11 1111111111 procuratorio nominc

opud Domitiorum 6111. 111111161
111. 2676.

11111161111 vindictaque 11111111
111111 = iomiiiot 2667.
11111116670.

1111126161·
11111111112611. 2066. 5160. 6256. 6353.
Nutritur 2106. 2370. 2616. 3666. 6676.

5166. 5610. 6007. 6250.

1111111111 11111111 6210.

Nutrix 2736. 2617. 6376. 6100. 6261.
6260. 6201. 6166.

1. 1111116111111111 61111 676.

1. 01111111 61111111 6111111 6602.

1. 11111111111111111 Diri 1111111111

11 6111111 0111161111 1111111111
1111115623.
1. [tiri Hudriont 6261.
u¹ 1111111111 duum 6666.
01111 61111111 1116111111 1111111111
Diri Pii 6250.
Ρ111111 pottim.
Peculium 6676. 6336.
Pupuo 2716. 2710.
pupu 2660. 6675.
61111 potuim.
1. publici 1. 111 pubi. 111111 minora
11111 municip. off. min.

1. 11111111 11 sociorum 2630.

11111 iupitiri 2630-2633. 6266.
11111111 6660.

6111161111111 3631.

1111111 1111111 3030. 7120.

Toto 2613. 2616. 6376. 6063.

1116111 2506.

1111116257.

1111611111 1067. 3023. 6777. 5773.
111111 purtim.

r. 1111111 20061111.

Aug. 111. 11111 111111113107.

vernorum 6111 1111116665.
11111611 2611.

---.

61111111 61111111 11 Augusto 20311
11. officio puotico 11111111.

61111112566 = 11111111.

611111111111 611111, 11111, 2665.

61111111 6266.

tortorum 2663; 11. 111111111.

161

61111 1236. 1500. 2605. 2731. 2766.
6161. 6666. 6600. 6013. 5307.
5656. 5670. 6163.

1. 6111. 1. 001.
1. 1111111111611. 1617.
1. Postumiorum 2665.
1. 61111111161111111 1116 11111111
1. 111161111111 Tubiiootium 1773.
61111111 ·.-. 111111116130.
61111111 (111) 7216.

ι 661111111 1111116111. 111.) 2667.

1 commentariis ornomentorum 2602.

1 inpono (11661111111111. 6321.

11111. 1111. (111. Aug.) 6636.

1 1111116111. 116377.

Aug. 111. 6376.
6611111 111111111111 2625.
61 1616111111 iiius. 111.) 2666. 5616.
61 111111 111111111111111, Aug. 116,
6111111111 6662.
61111111 6160.
61111111 2505. 7276.

1. 1111111111111111111111 6160 (i).

1. 111111111 11111112506.

61111111 111111111 111 1111112660.
61111111 6161.
61111111 6162.
6111111 6071.
61111111 1 ’1111111111 6302.
6111611611 6302.
timpuiiuriuo 6163.
6111111 2620. 6536. 6660. 6606.
1. 1111116115.
61611111 2577.
6111111111 6166.
611111116655.
6 1111111. 1111111111, 6111. 1. 2660.
6111113366.
61111111 2616.

1. 611. 1. 2366. 2600. 6301.

1. 6111161111 Aug. 1111111 otri.
611111111, 1111111111 1111111 6226.

11 municipiis 1. officio muntctpoiio.
611111111111.611. Ι. 6302.
6111111111112606. 2625. 6166.

archimimi 611111 2606.

· orchimimr cui temporis 1111116760.

6111111111 1165. 5661. 5602.
11111111111 2606. 6165.

61111111, 1. 11111111.

6111111111 013. 005. 6166. 6302. 63061·

11. 11111111, 11111111.

t. 111111111116167. 7217.

61 1111111 6303. 6651.
11 1. 0111111161111111 611. 1. 6301.
111. 1111111 (6111. 1.) 2607.
16 1111111111 potorium L. 61111111

11 urgento 11111111, Aua· 111.-6306·

 

