14

Lugdunenses 8785. 4408. 8480.

8111111111 481.

81115180.

1111 8111 11 Tuseis 5181.

t.. 11111111 4888·

1.11111111188.· 8570.

1111111111 85. 18811. 485. 8888. 8854.
8758. 8188. 8808. 8804. 8704.
8701. 8787.

Lusitani 5480. 5488. 5488. 8518.
8857. 88571.
Metelis Lutudarum 5880.
11111111 8818. 8818.
Lyceo 8805. 8810.
51111 8804. 5451. 8840; 1811111111.
Lyciorum 11111111 8874.

1.,1111888. 8080.

81111417.

1111141111 588. 810. 888. 1170. 8144.
8858. 8885. 8851. 8888. 8504.
8808. 8811. 8888.“

811111 fl. 5181.

Regio 118114111111111588.

1111111 5480.

1111111, vicus io 111111181111118548.

11111111 887.

1111188. 170.

Maiensis. 111111 8848.

1111114880.

1111111111 fiuvium Meieeitsnum
1111111111 8888.

111111111111111 11 lineis 5580.

1111111111 15011.

111111111 11111108.

111811111 11111 104.

1111111111 8181.

111111 8444. 8858.

11111111 111 1. 8188 = 8805.

1111111111 787.

1111111 5810.

11111114081.

11111111 1111158.

1111111111111 sionni 5814.

1111111111.

M. 11111111 8148.

An 111111 5810.

111111111 11111 8884.

Metonis 87881.

neuntio. 11111 1111111 4877. 4888.
5848. 584411. 5055.

111111115885.

1111111111 187811.

111111 M· 0508.
1811111118 1778. 8855. 8878.
0888. 8858.
M. 8111111111 8878. 5578. 5578.
Ι. ’81118111 485. 8570.
Menti 8401. 8548. 5818.
11111111 1111 5585.
1141111111 5814.

11. onoanPmcs.

114111111185. 1487.
111 1151. 1141111111111 1888.
111111111111111411111111111114187.
eoi. ciendis (81111111111811. 11111

51111111111111 8484. 4805.
Mediomatricos 880811.
11811111111111111 8588.
1181118818.
1101111880.
114111111 585.
1111111 11111
51181111 11111 ”
11141511111111 188.
Meiitenstum municipium 0184.
1111111748. 5455.
1111111 5810.
Mentonines 8181.
1111111181 1111115814.
Mesopotemie 8181. 8880.
1111111111 88·
Mesenis 887111. 5810.
111111111 5188.
1111111 87881.
1111111111111 111111888.
Minturnenses 888. 8788. 8508.
1111111 Minturnensium 5584.
1111511111111 5807.
Misenum 8058. 8488. 7008.
1111111 Misenensis 8408.
1111111111 1111114418.
1111111111 4111.
8111111750. 808. 1580. 8884. 8888.
M· 11111111 1551. 8874. 5150. 5451.
5477. 8488. 0857.
M. 11111111 1178. 8874. 8888. 5880.
5481. 5488. 4480. 84878488. 0817.
111111111111118874. ,
Moesi 4884.
Mogontiacum 4878. 5880. 7151.
Montani 887811. 5107 (1). 5488. 5480.
5488. 8711. 88571.
1111111111 5888.
Morini 5811. 5448.
Ad Morum 5810.
1111111887.
8111111111111111 8115.
1110180811.
1111111 8808.
Morgentia 14111.
Mum 8881. 7415.
11111111118088. 8087. 111.11,1.11.
Mutine 8887. 5810. 5787.
1111111111 8784.
8111111887.
1111111111 4018; 1. 11144111.
Nemnis 188.
1111111111 808.
1111111111 15011.
Nes 8810.
81151818. 5810.

 

