vii. RES PVBLICA ROMANORVM.

1111111111 111 Aemiliam 111111111111
3044. 3433.
111 Apuliam auum-102. 3499.
3111111 11 Calabriae 1173.
111 3111311111, Lucaniam, 11111-
11113745.
1111111111 Campaniae 317311.
Flaminiae 3491. 71111111111.
111 3111111311 11 Umbriam 3177.
3351. 3137. 7430.
11 1131111 111 Flaminiam 11 Um·
311111, Piranum 3174.
11111111111 regionis 711111111111
11111113135.
regionis 711111111111 3143.
1111111 13 optimo ino. 311111
1111111111 Aug· 1111111111-
1111 111 11111111171111111111·
11113433.
Lagaina 1111111111 111111111131111111111
3437. 74331 113433.
⁴ Lagaiuo Aug. 1111111111 1111111111 11311·
1111111 3439.
1111111111 11111111111111111111 1173.
11111. 111. Tarraconensia 3400.
Hir 111111 ob 1111111111 similituninem: .
1111111111 Aegypti 3934.
111111111113934. 3935.

-ῇ--ι

uorrrrrorrr:
311111111 1111111 11 Calabriae 1037.

1130. 3335. 3734. 5574. 55741.

Campaniae 1194. 3935. 5153. 5159 (ii.
3431. 0909.

7111111111 11311111 303. 1099. 3173.
3909. 3475.

1111111111 1111111 33.

1111111 711111111111 1194.

111111111111111111111111 1374. 1137.

31111111 1071.

7111111 1131311111100.1131. 3335.
3354. 5130. 3304.

7111311111 11111111111 1050. 3335.
3191. 3734. 0473 (1).

regionum duarum 3105.
3430

ᾐ-

01111111111
111111 1111111111 1111. 1111141111 oo·
111111111111111111111, a. 1111111111
3111111111 3701.
3111111111 riarum, aquarum, 11111 Ti-
31111 111. o. 1111111111.

111

3111111111 1111111111 111111 3111111111-

aium 111111113349.

1111111111 1111111111 1131.

Campaniae 13111. 1003. 1131. 3334.
3103. 3134. 3170. 3375. 3313.
3733. 3730. 5593. 3131. 3537.
3511. 3531. 3910. 3993.

3111111111 aum Samnio 3934.

Daciarum 111, 1. 1111111 1111111131.

11111111 11 Thraciae 3373.

1111111111 3354.

Numidiae 3351. 3933.

Pannoniarum 11111111 1111 1111111111
1131113913.

3111113171.

Ponti 11 Bithyniae 3433.

31111111 1133. 3131. 3134. 3135. 3379.
5049. 5593. 3507.

73111111 1131131111 3343.

71111111 11 1111111111 33.

Couauiaria 1111111113 1111111111 Numi·
1111 3111111111113503. 3509.
31111111111111111111 communior 3170.

3111111111

Nomina 1111111111 1111111111 omnm, 1111
provinciis proauum: 11. 139 (111.
3111111111 romi: 303 (1111111111.
Narbon.)‚· 9351111. Aaron. 11. 11.
proauo provino. Syrioa 11111111.)
3439 (111.11111111111.); 3554 (111.
Ρ11111111.1111’.); 3735 (111. oroan-
oioo),· 3939 (1111111111), 111. Po-
11113 noram 11111111 proprio 1111111111
111111111111113111111111111111111-
1111111111 imperio 1111111111 ouranios
(os. 31111111, Aaou. 11111. 1353,
1.901,111.).·

1. horridae 1111 111111111111

3111111 111111111111111111111 3199.
1111. 1111111111 3373.
pror. 711111113111111111079. 3053.
pror. 0111111111 1033. 359911. 3733.
1111. 11111111 111. 1173. 3317.
311131111 11111111 3913 ¹).
1111. 3111111115537.
Syriae 31111 33.

3. Proetidas oiri 1111111111111111

3111111 1111111 3111111111 39391.

1111. 11111111111059.
3111111111 3734.

1111.311111111111 311111111155735573.
(1111. Narbon.) 3303.
ormont! 1111111111111 1034. 5959.

1111111111111119433533 5543. 3993.

⁰ ¹) 31 huius quidam dignitato ox 1111 111111 non oonaiai3 quum voro Pannoniam
vinoiao 1111111111 1111111 morini, aarum 1111111111 11111 1111111111111 1111111 uon .

3111111. 1111111111. uror. 711. 111.

h

 

