vn. RES PVBLICA ROMANORVM.

111

Lagaina 1111111111111758 (1111111111 1115ἒό11 &gn 1111. 81111111 5118.

111 1111111111. 11.).
1111111 111. 11. 11. 1111. 1111111111
1111111111 7989581015. 8195.
111. 81331151ἑὲ 11. 1111. 11111111750.

111.1111.1111111111111111111111111
ἓξῗιοικ, item Myaiaa 1111111111

111111111111111111 9091551. 5190.
5177. 6188.
imp. 8111. 1111111 Traiani 111. Ger·
manici 1111111 1111. 11. 111. 5151.
11111111 1111111111 3933. 5131. 5131.
5178. 5179. 5180. 8197. 8199. ,
111. 111. 11. 11. trium Daciarum, 11-
1111111111. 11. 11. 1111111111
1111111111111111115178; 11. 5179.
111. 111. 11. 11. 1111. Pannoniae 5198.
5130. 5131. 5131. 5116. 61958581.
1111. 1111111 Traiani caeo. 1111111·
1111111 1111111 1111. Ρ. aito.
Pannonian 1111111111 931. 1811. 3186.
3551. 3715. 8181.
Diti Traiani Parthici 11 imp. Traiani
1111111111 111. 1111. Ρ. 1111115150.
8111111111111111111 3186. 6051.
1111111111111111 iu 11111111 (Gon-
mauiaat 1111111119111111111) in·
11111111 8181.
111. 111. 11. 11. 1111. Syriae 8188.
1997. 5158. 5181. 6701.
imp. 8111. 111. 11 Syria 571.
nivi Claudii 1111111111 caesana 111.
11 Syria 3198.
inin. Antonini 111. Pii 111 11. 1111.
8111116181.
Caesarii 8111118131
111. 1111111111 1111. 8111113888.

111. Divi Augusti 1111111 Syriae 11

9111111111 5366.

111. 1111. 11. 11. 1111111 1111. Syriae

Phoenic. 905.

11. Leonti 1111111111111.11.111111111.·

1111111111. um. 3381.
inan. 81111111 111. 1. 1. 6191.
81111111 111. 1811. 1385.
Divi 1111111 3109.

Ti. Caesaris 111. 1175. 3111. 5368.

Ti. Claudii Caesario 111. 683.

111. 111. 11. 11. 1111. 1111111. 189.

1911). 8907.

1116111. 11ἰ 11. 1111. 11111113011.

1111191111511111111 3398. 8911.

Divi 1111111 5119.

111. Diti Hadriani in ciiioia 61831
Ι(111111111111111111111 11 1111111 11
Cilicia 1111. Antonini 111. (111111
101111 1111111111 prouincia 111111
11111111 uiuitur.

111. 111. 11. 11. pronunciatum 936.
5118. 5180. 6710.

lii Daciarum 8917 . 8918. (8111111111
Dacia 111111 11111111111111ς of.
81111. Ρ111111. 83, 111)

Consularis 1111111111 iii 6918. - cou-
111111. 111. 11. 11. 11138671111-
1111111111, in 1111111111 1111111111
ornatus, 1111111111111111111111111
monumento 111. 11. 11. 111. 1111111·
1111111111 (Maff. ii. 11. 91118).

111. (111111111111.) 11. 11. (1111.
liae.) 811.

(Dacium 111 1111111111 1111111 11-
11111111 oooiuuotom vidimata 111111
111 leontia consutoribus.)
111. 111. 11. 11. 1111. (11111111 3011.
3117. 3188.

81111111, Pisidiae, 81111111, 11111-
niae, 11111111, Paphlagoniae. Ponti
Gaiatiei‚ Ponti Polemoniani, 11·
manian 8911.

111. 111.-11. 11. 111111111115133.

11111. X 8111. 5151.

111. imp· 1111111 Traiani 81111111 111.
8111111111 Datioi 1111. 111111111-
111 61.

11111. (i. 1. 811111, 1111111111, flaua)

1111. Lugudunensis 911.

111. 13101, 11. 11. 1111.1111111111 1758.

Ti. 81111111 111. 1111. 1. 3118.
C. 8111111181111111111111. 3665.

111. 111. 11. 111111111111119111· ·

11111111 5151.
111. 111. 11. 11. pronuntiant 798.
111. 111. 11. 11. 111111111111111171.
3581. 3871. 5311. 5191. 5709. 5719.
6811. 8597. 71181.
1111118111111111 5331. 1111111111
1111111111 11111111 111. 111. 11. 11.
111. 111 111. 5163.
111. 11. 1101171111 1111111111 Ponti
11 Bithyniae 3859.
111. 1111. 11. 11. 1111. 11111111 1913.
111. 111. 11. 11. 1111111111111818.

111. inn- Antonini 111. 11111111 11 5581.

8111111111 77.

111. 111. 11.11.111111111111111 1111-

111111, 11 quorum diuinitate ’11 111· -

1111111111 nouatot:

111111111111111111111111111111111 111. 111. 50302 6770. 6506.

1111111111111111111111111111911.

Lagaina 5700.

 

