91 111. 1111. DEAE. MYTHOLOGICA VARIA.

310101 magn· Kal. 31011. 0010011. 377 00.
2333. 0125.
Μ. magna 01 1111110 3150111010 0000001ιο
1101. Pr. m. 100.
Magn· 0010010000 1020.
31. m. Vestina (tortasse seiungendum)

310ςο0 deum 000101 1002. 5977. 0302.

31. d. 10. 0010110 5710 .-. 5312; 0.
9010110.

Magna deum 100101 15000 1101. Pr. m.
10111. 1150· 1901. 2201. 2320.
2322. 2323. 2330. 2332. 2353.
2151. 2031. 5721.

31. 11. m. 1. 00101100 1390.

31. d. m. 1051005310.

111. 0.10.1. summu parem 1900.
310101 10100901. 1793. 2270. 2271.
110101 3101010 1101. Venus. 10. 10010.

1500. 1501. 0382. 0933.

310101 310110 521100.

310101 Vesta, 0. vesu.

3101000 (3101000) 1300. 2080. 2097.
0000 1001000 2070. 2077.

' 31. 01001010 genuum 5921.
3100000010ου0 0100100101000 2100.
M· 0110101000 5913.

31. 30000100 2091.

31. 1000010000101000 0100 00101000

31. Augustae 2073. 2001.

31. 11011100 2001. 5932.

31. 0000001000591310. (1000001100.

31. 0000011000 2093. 59335931.

31. Aug. 1100001000 5935.

M. 1001000 5938.

31. Manates 2091.

11. 0000005010. 2090.

0000 31. 10010001οι0 5910.

31. Τ1000100 2092.

M· dicuntur 1101111000 1200.
310110000 2071. 2075. 2095. 20901902.

31. 10100 5929.

31. ,1031001051οε 5931.

31. 1100000100 2031.

31. 1001000500 2032.

31. 30100100 2079. 1010000 2100.

1010001 5030.

M. 30000010000 5031.

31. ,1101000500 5931.

31. 1111100010οο 5912.

M. 1101000000 17711 0. 1101000000.

(31.) 1111010000 5930.

1131110000 5930.

31. 0011100· 2033. 2030.

31. 00003100 2030. 5037.

31. 00001ου00 203ος 0. 0000100000,

1100010000.

“Huncin 2037.

31. 1000000 2035.

01. 10000100 5031.

31. 31011110οὴ00 5030.

31. 3100101100000 2033.

31. 1101011000οο 5931.

31. 3010000000 2087.

31. 1101000000 2033.

31. Senones 178.

31. 0000 0366.

31. 7000111003οο 2030.

31. 70110100010005031.

31. 11010100 2030. 5931.

Μ. 7031001100 2003.

31. 701010001οο 5911.

110001ίο0000, 0. 31010οο00.

3100100, 0. 1111110100.

3100110 1795. 5303.

M. 00100 5309.

31. 1111000 5310.

310110, 0. 01010131.

Memnon 517-521.

3100011. 310011. venus. 0010010.
31. 300 00000000 1320 sp. '
31. 11000 022. 1313. 1310.

3101001100 001. 11, 0. 330. K. 00000.

10. nno. 251. 330. 1531). 731.
1205. 1301. 1303. 1390. 1113. 1393.
1000100121θο 2590. 3272. 9333.
1001. 5007. 0017. 7137. 101010 M.
10. 100. 001. 11, p. 331.

31. Alexandriae 0027.

31. 1001010 0101011111 1320.

Deus 31. 001000 0000110010000 100100.

11000 31. 1305. 1390. 1115. 2305.
1911. 5000. 5002. 5907. 5903.
5909. 0790. 7151. ·

0000 magau· 31. 5001.

Numen 0100000031. 6030.

31. 11100000 5300.

31. 110001001111.

31. Arvernus 1111.

31. 11001. Noricus 5375.

31. Aug. 271. 3131051191111.
2301. 3130. 3333. 3011. 5012.
5003. 5359. 0012.

31. 0001001101010110 1100.

M· cambo, 00010 pro 0000οο010οΙ00-
00011 babetur 5090.

0000 31. 0001010000001015335· Kano-
1000010 5335.

31. 0000001101111.

Μ. (1100001011100. 5330.

31. consentiens 1101.

1100031. 7100100100000001001011105.

M· 000100 111100.

31. domesticus 5095.

31. 00010 1307 p.

31. 10001100 1103.

unlneratum 001000 01 00111οπ0100

31. mugnus 1111.
1

 

