¹⁴0 vm. 611 6111111611.

1111. 166. Threcum 2223. 5133. 5365. Ξὶιῶῗιὲἳὲξόῧῗω
111 Tungrorum 5726. 6661161661 57111.
1. Tungrorum 11661661161 5263. 61161. 5263.

Ι. Tuos. 116611161661611616721ς
ol. 6166116666.
111 6166611616 6716.
111 Vocontiorum 616111161111111661115618.’6616116 5618.

’.Μ-.-

5. 1166116166 pedorum 11661111· 66111.

Numer! 1661166161 16 6661611811667111. 6666611161 6716.
11111161 11116161 6733.
ouon· 11116. oreo. ἓξῖζέζζῖι 331638
1. 661611 16161161 Germanos 773. 61161113.
r. 16 1116161161161 ΤΙ661116161 61 61161. 185.
111161611 61111185.
1161111111161 1111616. 6732. pnes, 6736,
11661161 1116611 1161666611 2218. prus, 6613,
Numerus 1161166661 5781.
6. 111. 616161611161616116161616.
66611661 6731.
u. 111. Τ11661166116111 16117.
Numerur 6161111661 3111.
Numerus crudereoelum 5271.
6616611661. 3111.
Numerur 61111616 6166116166 3516.
Coroor. 6611. 3538. 6616111 3538.
1616616 161161 171. 175.
16166111 custodum 1511. 16666611 1511.
11661161 1111611116 1166611161 1661111- 611666111615579.
1661615576.
Numerus 611161111661 murenarum 3116. 61611661 3116.
1111116161111. 611116611616 168516.
11661161 616111 61 11161116 315536721. 61166611161315536766.
666116161616111616616166666611616266. 666111161 266.
Numerus 6161611161616 6111116611661116-
1661611661616 6736.
616161. 116616166661616. 61161. 11111·
tonum.
11111161 Fortenses 136. 61166611161 1116.

Frumentum u. 6616611661.
1116161161. omo. 1111116116. {22:35 {222²}ssss

16111161 111111111 6731. 61 6116661116 6731.

1611161 166161613385. 6687.

16111116116113126. 6133. 61161. 3126. 6338.
1. 1. 11116161661116735. 61161. 6735.

Veterum! 1166661161 5311.

11111161 11111111 1312.

61161ἒ6768163168. 31121. 3661. 5677. 6785.

61 61166166 5522. 6922.
rub 611616615677. 6717. 6785.
Peregrini 3167. 3168. 3166. 3661. 3661. 11661166616116116116616611661616 3168.
5522· 6767· 6765· 6766· 6676· 6966· 16616116 11666611116161616661 1166 6116·
111111 611661. 11. 1922. 5677. 11611 peregrinorum 1256. 6786.
Hir 61161 116166611116171. 1256. 3186. 66616116 11661661. 71. 3186. 3163. 3661.
3168. 3661. 6717. 6785. 6786. 6785.

 

