vn. 3337131100 nomonvm.

1101111 0777.
11111111 5107.
11111111 2200.
111111111 2222.
Roman 5130.
01111111 500.
Thessalonicae 3511.
11111111 0221.
0111111111011111113000. 3010511100.
011111 5005.
0111 Semproni! 1030.
1111111111111. 3751. 5080.
111111 3375. 7353.
01111111 3032.
7111111111 203711.
11111111 1710.
11101111 3032.
01111110, 011111117103.
Roman 3220. 7311.
11110111 123. 121 = 1012.
comalio, 01111111 1000. 5020. 5605,
0111111 572.
0111111111 801. 2172.
1111111111 0771.
111111 3312.
Numanti 0130.
01111111 3077. 3073.
0111111111011111 3231.
1111111 7101.
11111111πὲ9 1111111 2021. 2001. 1115.

Fabia, 01111111 5300.
01111111 303.
3111111 00. 151. 3000. 3000. 1051.
1030. 7007. 7111. ‚
Ebur! mn·
Falerna ³888·
1111111111 5032.
0111111 2231, 1351.
1111111301. 1010. 2705. 3105.
1110111 3050.
Tibure 2200.
711011111111. 3003.
sarrana, 0111111 3710.
3111111111 1025.
0111011111πί1 13031031.
11111111 0150.
111111 3075.
711111113205. 7020.

Galeria, 0011111 2300. 071οι 7107.
00111111 3300. 3005. 7027.
01101011 3010.
manu 0000.

3111111 1053.”
11101011 3310.
(11111111 2051.
Luci 011. 5225.
Luguduni 1020.
11111111 3330.
01111 1013.

01111111 1084.

Rornae 3501. w.
31111101 1 0050.
Seguntiae 3103.
71111111 100211.
Tarracone? 0703. 0302
Tibure? 3033 = 0401.
11011111 3005.

Horatia. 711111110000.
111111111111 3110.
Rornae 2217.

11111111 1115.
111111112217. 'rm
Urba 011111 1030.

Lemonia, 01111111 3022.
01110111 510.
31111111110. 021. 3071,
Casini 3305.

11111110 1100. 2170 = 3001.
01111111 3720.
01111111 00.
sentin! 3001. 1010.
Troiae? 510.
Marcia, (111111 507.
71111111 1201.
Hadriae? 010.
11111111 3520. 3500. 3710..
011111 5131.

0111111111. 0111111 5152.

Beneventi 2711.

311111 5202.

71111111 3001.

Η1111111111 3283.

Nucerina 011. 7121-
011111012530. 3810. 3021.

0111111111230130513710111.
Surrenti 0211.

Oufentina. 0111111 7151.
Comi 1172. 1107. 3000. 3030,
Fabrateriae 0220.
ln 1111111011 1111101111 0
1110101111. 2171. 3015.
Mediolani 1101. 3017. 0078.
narsen! 3013.
Rornae 3131.
71011 03. 3170. 31501311.

Palatina, 0011111 7107.
Amiterni 3323.
01111111 3030 1). 3070.
3111111111 1007. 1113231133.
31111111 3013.
0111113053. 3011. 5125.
(1111111 2707.
(1111111 2530.
Ferentini 1320. 5150.
narnus? 3001.
0110115023. 5012.
1110111 775.
Interamnae 111 2013.
Lunae 5120.

 

