XII. NOTABILIA VARIA.

187

nonan. 1818188111, 1118 888811 8888. 0111818 oranaim 81811811 8808. 8887.

18. noque mutabitur 881188 1888181

o. 8818818818 8181111818 8811.-

noque 8888111181 nequa pignori oleum praebe„ 1331,

obligabunt, 1811 888 8118 81888 8118-
iianabiioa.. no 88 nomino 81881
181811188 8388.

8. 18 interna 81 818111 1188111181
881181888818.
o· 8181181 8811181788.

81. 881111811188888881881188188181118 (111,ο 1513, 1537, 45³8. ⁴5³9. 1511),

nummo uno. 8887.
ιιι. 8111181881 nario dimidia 8888.
18. 18811 ab 8118 1888111818 18818 888
, 1188118888 81181881 8888.
81. 118181818 vindicatum, 181111818
8881188 8111181818 8808.
monuananio 188881 1818118 8888.
1181181 88111 8881811111 88181881 8775.
11811818.- 888181 8888.
118118818888. 8811. 7888.
118111 pronior 8811881181 religionem
, sepulcrorum dirutorum 8888.
81. 8818118 n. li. 8888181, 11118188·
1818111 888 1881118078.
ιιι. 88 118181818 annulorum 88881811
8818118 p. 18. 8888. 7888.
arnan 11881. 811. 8188. 8888.
8188 88818188 8888.
Virginibus Vooiaiibno 8888. 7888.
decuriae 8811. 1881. 818881. 8888.
Munna gladiatorium 81. 1818. 8811.
8817. 8887. 8888. 5878. 78801.
ιιι. 181811188 gladiatoriae 8887.
18. 88888881118118818 817858888.
ιιι. 08881888818188.
81. (181818888118 8887.
18. 8811818 impetrata 8811188818 111111.
Antonino 181. Pio 8888.
Mutuo 888888118181 8878. 8881.
ιιι. 88 8818811888811188 1811. 61119.
1881881188 8588.
11818181 8888.
1181811181 8088·
118181 8. 8818181111 8788. 8788. 8881.
8. yonii. 8181118 8785.
18818188 8888.
118181 18 8188881811881818181 8158.
1181111818 1 = nubilarium) 8888.
1188111888 8888111.
8. apud Aquaa 18181 ab Conaianiino
181. 8881818188 888.
1181818888.
Nutrix 181811188 8857.

0111181 = 81811881 8888.
onita 8878.

obligatio viiii 818881818811181818888-
818881881 8108188118881818 0088,

081888811881 8881.

1818 8818888118 8888.
0111818188 8888.
08818818 = 18811 7887.
08181818 vicii 8178.
0881888818 in 1111111818 8818.

. 8581. 8588. 7881. 7871. 7888.

81181 emero 8888.

811818 iegato 7888.

81188 continuae, 8880888181 8888.

8. 1181818181 1811181888 8888.

81181818 111881 7887.

8. 1811818 8818.

8. ,8881881888 8807.

8. 81188118 8888. 8888.
011811818 8888. 8888.

o. 11118118 8588.
opus marmorum monii Claudiano 5888.

8. musivum 8888.

ο. 8181818111 8888.

8. museum 8888.

8. pilarum 881.

8. 1888188118188888.

8. 18818118181881.

8. 1888111 8188. ’
opero 1111811811 (noio pro 1111111818 88881·
0111188181 8881 8818188118 8818. 8788.
orchestra 8788. 8787. 8817. 88888
01881 181811188111) 8888.

0188118 1181888 8888818 a 1881818, onan ’

811181181 7118.
011181.8. 11811181.
01111118 1118 18818718.
ο. 8888118 8717.
8. 1818118 8858.
8818 881 8. 1811188818888.
o. 8888 1181818881 8758.
8. 181818 8881818 8878.
8. 81 Sardinia 118811818 nino.
8. 1811111118 posi annoa 111180 8887.
8. 188118788.
8. 1181818 8788.
01188 8881.
0118811881 8511. 8588. 8888. 8788.

01118ὂὲ811181888181811881188188881111881

18 118888 18888181 1111118 81181 8111 81881·
881 1811181 8888 38788.
18 pato 88881111 7888.
naci 88181888 8888.
11881 81 quinti 81 1888181181 88181888
1181881118 1817.
1818188 18 18811 circensibus completae
Paina 111 1111ιί881888 notorum 8888.
88181 18 818811 8878.
1881888888 8588.

 

