ie 111. nil. DEAE. MYTHOLOGICA venie.

G. Mercurii 111111 6866.
6. 61111111 iiii: 176611.
681111. 1681.

Genii ingeniorum ei 6111111111

6. Augurii 1667.

6. imperatorie 5359·

6. Curiorum 786. 16561717.

6. 6111111111 1716.

6. 111111 111111 565.

6.· 61111111 111. 1661.

6. 1111111611111111166. 6167.

6. 1111111 11 ’11. 6111111111 686.

6. ’11. 61111111 61111111161111111-
11111 6766.

6. Ti. 1111111 7667.

6. 611111111111111(611111111) 666.

6. ’11. 611161161611111111111 patrie
nutrire 5776.

6. (Neronis) 1616.

6.11 11111111 imp. 111. 6111. Τ.
1111111111. 1111111. 1.1. 76611.

6. 6111111111 111. 7161.

61111. 6111111161111111111111111111
111. 61111111111111111 786.

6. iun. 6111. Τ. 11111 1116111111 111·
1111116666.

6. 11 111111111 111111111111111111
111111111111 1716.

6. nemini ueniri 811111 111111611
111. 661.

6. 6. 1. 61111111111111. 1761.

6. 11111111. 1617.

61111 hominurn 1611111111

6111111111 1766. inei. 1766. 1768.
1876. 1666111.

6. 1111 1111111111 1111111111 11111·
1111766.

6. 111111 1111111766. 1767111.

6. 6111111111 1761.

6. 111111 (Phoebi 11111) 1766.

6. 11 6111111111111 66. 1766. 1666111.

6. 116161111 (feminee) 6661.

61111 1111111111, 1111111111111111.1
G. 111111 6111111 1666. 1661. 6771.
6. 1111611111. 6636.

6. Arvernorum 166.

6. 1111111111 111111111111 1688.
6, 11111161111111111 1686.

6. 1111111111 1616.

6. Leucorum 5666.

6. Noricorum 1686.

6. 1111111111 1111111111 1111111111
6. 711111111111666.

61111 1111111111, 1111111111, 11111111-
piorum. 11111611.11611111 muni·
einriium:

6. 1111111111111 1666.

6. 611161111111616.

6. 61116111115661.

6. 8116111111 6186 = 1668.

,Α

6. 1116111111 186.
ii. 1111111116111111111 Virieeernrn iiie.
G. coioniae 611111111111 1666.
6. 11111111 1111111 11111111 66.
6. 111111116111111 6618.
6. 11111111 11111111111111111111111-
111) 667.
6. 11111111 0111111111 6661. -0111111
1111111661.
6. 111111111111111111 5166. - 111-
11111111111 6616.
Seuerissimus 6111 6. 11111111 Pu·
technarum 1661.
6. 11111111 Venerine 1111111611 111.
6. 1111111111 1111611111111111661.
6. municipii Fi· Nerind. 1666.
6. 1111111111 111111 811161111 6666.
G. municipii 811111111111 6776.
6. 1111111111181111111 1666.
G· 111111111111111 1686.
6. 1111 Livii 6116.
6. 1111611111. 666.
6. 1111161611 Urbis 6111111 6778.
6. 1111 61. 6866.
6. 1111111117166.
6. 1111111 6666.
6. 111 11611111 167711.
6. 1111111111 686. 185711.
6. municipii 1111116676.
6, decurionum 11111111 5777. ·
6. 1161111 1666.
6. 11116161111111 5176.
6. piebis 1666.
6. 1111111111 668.
6. popuii 11111111 111111116778.
6. 1111111111 6617.
61111 inguinum, 1161111111, 11111111-
1111 eeu:
6111111111 1766.* 1666.
6. 11111111111 1761.
6. 111. xiii 61111. 1765. 6816.
6.116. 11111611111111.11.11.11.6-166.
6. 1111111 116. i 11611111611111111
1. R. 11. rniii. 6785.
6. 11111111111111111 peregrinorum 6.
6. renerus 1111111111 peregrinorum
totiusque 111111111 1666.
G. numeri 11161111111111111111766.
- 1111. 11. 6668.
6. equitum 1111111111. nnn. 6168.
6. 111111111611. 1766. 6771.
6. 111111111116. 11111. 6681.
G. 1111111111 11111611 1111111111 6766.
6. 1111111111 116. X Pr. 6866.
6. 1111111 6176.
6. 611161111111111 1111111111611111-
1111 1111111111 6766.
Genii 1111111111. 111111111111 rei-r
6.11111111111111111111111111111.111.
111. 6776.

 

