1. IMfl-:nerones ET IMPERATORVM mnne. 70

011011011011.1110. 001. 101. 111. 011.
0111111 010101. (1. 057) 5511.
11110.6111.Ρ.1111010161111100161101.
Plus 11111 101. 0001. 0111. 1110.

001. 111 101. 111. 0. 0. 010101 (1.
006100) 1000. .- κ
0. 0. 0... 1011. 1110.-01. 101011.
Quidni. 111111 1. 010101 (1. 261)

1111001 1110111101611111001 101. 111

consili. 0111101101111. 11. 265)
10οἾ05610. P. 11110101 611111001Ρ101
Felix 101. 61110. 0111. 0001 0111.

0111101 1011. 1110. 001. 111111. 101Ι

11. 1111110. 111 (1. 060) 0510.

60101110 Salonina 100. 61111101 101.

60101111 81100101101. 1086.

6101001011 101. 1000.

0101110101 101. 1001016111110110·
010111101. 1016.

81011101011101. 100101 (1.0. 611-

11101 1011111 101. 1011.

. 60101111 S· 100101 1010. 6111. Ρ. 11-
11011 61111101 101. 011111 Ρ. 1111011
60101111 111111101000111111011 611·
mle. Auguste 1101111110116765.

01100101 110111111011010111 1007.

P. Cornelius Licinius Valerianus 000.
6111. 1000.

000. 6111. 011011011011010111,01-
00111 01101111. 00. 111111101 11
611111011011. 0008.

1111111001100.6111. 1086. 6716.

01101 611111 Ρ. 601011101 11110101
1111111001 01001 11110. 6111. Ρ.
1111011 111111101101.. 1111011100.
6111. Ρ. 111101161111101 101, 111·
111Ρ. 60101111 111101101100101 000.
6111. 101. 0630.

01101 1111111001 6111. 0016.

P. 11110101 Cornelius Saloninus 1011110·
001 000. 6111. 1610.

Ρ. 601011101 1111001001 1111111001
000. 6111. 0001. 1000.

000. 6111. 011011011011010111, 111.
1010. 61111101 101. 0016.

11110101 6010111οι S. 111. 000. 6111.

Ρ. 11110101 s. 111. 000. 6111. 0110-
1101 1011010111 0011.
Ρ. 11110101601011101 S. 000. 6111.

1100. Q. lulius 111. 61111101101. 1161·
1001011 101. 101310.

10110 00011111. 001111, 61. 61111101101.
11 6110011111 101. 101310.

Ρ. 11110101 Valerianus 100101 00010111·
mas 1111111111 61111101) 0017.

1010. 6011. 11. 6011100101 10110101
Postumus Plus 1111110111101101.
611. 1011. 0001. 1011. 1110. 001.

HT. 0. 0. 0101 (1. 060-061)

1311
1010. 0 0. 01. -Ρ101111101, 1016.
11005ξωο1. Ρ10000101 1111011001101.

1100. 6111. Ρ11100101 1. Ρ. ll. 1018.
11110110 1011111111011011 1017.
1100· Caes. 6. Ρο1100101 Tetricus Plus
11111 101. 0010.
6. Ρ11ὁ10101 Τ. 000. 6111. Ρ. 1. 10111)
101

1010. Caes. ll. ,100610001011101111

101. 0001. 1011. 1110. 00111010-

101. 0. 0. 0111001001 01101101

(1. 060 111 070) 1000.
6110101101 Ρ. P. 10111101101. 0001.

1011. 1110. 001. 111. 101. 010101. 0.
0. (1. 070) 1001310110.

1010. 61100101 101. 00110111110101
01101101 1006.

01101 61. 60101101 01111001 Plus 11·
111 111101 11 111000011011101011
101. 1005.

militm& 0011111101 ,101ἒέἓέοι Ρ101
01. 0. 0. 101. .

Ρ10111111 10111101101. 0001. 1011.
61101. 0111. 6011101 0111. 6111011011
1011. 01101. 1011010111 1100. 111. 101.
0. 0. 1020.

Ρ. 111. 101. 0001. 1011. 1110. 001.
0. 0. (1. 070) 1007.

101. 10111101 0. 111. 1110. 001. 101.
0. 0. 01101. 101101. (1. 070) 1006.

1110111111 10111101 101. 0001. 0111.
611. 1011. 11. 001. 1001. 110101001.
0. 0. (1. 070) 1006.

(inungens. 601. 1011. Ρ111. 0111. 1110.
01111. 101. 111. (1011. ΙῙ) 0. 0.
(1. 073) 1000.

Ρ11011001 11110110111110101101101110·
sissimus 1010. 1111110101010111. -
Plus Felix 101. 0001. 0111. 1110.
001. 1. 101. 11. 0. 0. 010101. (1.
071) 0616.

1010. 6111. 1. - Ρ. P. 10111101101.

0011111111. 1. 0. 111. 101. 111. 011.
110601. 10. Ρ11. 01. ’01. 10. 611.
10. 101. (ll (1. 0701) 0001.
0. 0. 1ἐ111111001 10111101 101. 1031
1011111001101. 1606.
01101 1011111001 1104.
11111111 1101 1011.
111010 01111100 Aua.. 1001011. 0. 1100.
1011111οΙ 1060.
101111 1111101010 0500.

 

