11

01101 1150. 1101.
01111111 1001.

011111 1105. 0878. 7080.
0111111111 0018.
01111101 5110.
Guiunienue 8111111111108.
01101 1051.
(inuenere 1111110000.
1110111 118.
1110111111111 mere 1100.
1110111111111 prorineie 0001.
Hadrumetum 07011.

11. eoi. 011111011011117111111111·
suein 1111111111 0058. 0008.
1111011, 111011 000. 0101; 11. Aedui.

Hemll 5101.
111111 0110.
1110111111 5001.
1111111111111 1081. 0051.
cni. 1111111 1111111 1. 101111.
111111111 170. 010. 000. 001.177.178.
170180. 7175.
111111111 1111110111010. 01111).
1111111 1111111. 000.
colonie 1111111111 1111011101 011.
1011 11. 1111101111.
1111101111 5010.
flemene 5007.
1111111111. 0017.
111111111111 71.
1111111118111011 0100.
11111111111111 5101.
flereuienenrium regio Neapoli 0801.
8111111111, 8111111111111111 0700.
Vin 11111101 1008.
11111 1111111117101.
1111011111 5010.
111111, 1111111 5110.
lleeperlum liiue 08.
11111111111111 087.
lileroeolyme 750.
Hierosolymiieue 5001.
flillyrlcum 10001 u. illyricum.
Hipponiensis regio 0181.
iiipponieiei 100 ep.
Hippne 011111 0171.
1111110111. 11111. m. Aug. 5110.
1111111111 185. 010. 0110.
1111111111 1051. 0171.
11. eil. 11111. 0017 ep.
111111111111781105.001100510001.
0110. 0700. 0010. 0011. 0010. 7151.
11. eii. Terreeonenrle 0100.
concilium prorineiee 111111100001.
11. 1111 11111111111111111110011.
ii. 811011 0070. 5111028018.
11. 11111111011011 illm 11, 8111111.
[11111110087. 1710. 5017. 0118. 5118.

η. 1111081511. nere. 1111.

Π. (180οΜ11Ῑο1.

11. 1111111 5155.
11. Cempeponer (ll 08581.
Hispellum 00. 01. 5580. 08581.
111. 1101 111111100885.
(11.)01111 Flerle 01111111 5580.
Urbs iirbene Fierie 0111111111
117030008.
8111111111100. 08.’ ·
1110111111 1051.
1111111111111 11011. 1000. 0101.
1111111108. 10501185. 0101. 07011081.
1171 ep. 01771 11. 11111111.
1111111 0000. 0118.
111101111111, 1111110001.
1110111011 108· 1570.
111111111οΒ7.
11111 11111111 oni 11110 81111111 5101.
1111015177.
1011111111 0005.
1111011111 101111.
1111111107.
111111111 5011.
Iemerii 010.
iperium 7001.
igurini 08.1 0717.
1101115110.
1001111111 070.
iiieieneee oei 1111111111055.
iiieneee 0780.
Portus iiipeneie 0511.
iliponeneis 0780.
illyricum 011. 11001051. 1005. 0000.
0118. 0155. 001711. 1081. 5180.
5107. 5000. 0118. 0710.
11111111 i. 0058 (1).
1111111111111 080.
11111101 0001.
111110007.
1101111111111 01. 00.
1111111111 provincie 1000.
interamne 1058· x
lnieremne (0111111.) 080.
111111111111111111111 3770.
inieremneiee 1111111111 1018.
11111111111108.· 1015.
1111111111011111111111105708180517.
inierernneiee 100.
111111111011 Preeiniieui 117. 0001.
1111111111111 110111.
Inierennieuree 10111.
inieroeiie 11111011111111111 irenemon·
11111151.
inierpromlnue 11111111.
1111111111 5110.
ioreniio 1111110111.
11111 regio 0105.
111111 eompegue 0700.
1111111707.
ipoeobuieieneie 5105. 5100.
ipre colonie 5180.
1111111170.

 

