78 V. IMPERATORES ΕΤ IMPERATORVM FAMILIA.

111. 0111. 01. 11.1.111111111111111-
1111 111111 P. l. 1111111 111. 090.

1111. mn. 1111. 111. fill· 111. ss.
1. 1. 111111 (1. 05111000.

111. 0111. 111111111111111111,1111. Imp· caeam· mmm mium m·

111. 111. 11111. 1111111111. 0111. 0.
1111111 Q. 1111111 011111111111011
1111111111. (1. 050) 5518.

111. 0111. 11111111 1111111111 111,
111111 1111. 0111. 0. 1111111 Q. 111-

1111. 0111. 11. 1111111111111110111

. 11111111111111111. 1111. mu. 1111.

111. 1. 1. 111111 (1.05315510.
11. 1. 011111111111 111. 10013

1111 01111 ΡΙ( 1111111 1111111 111. ’Μ’ ⁶⁰⁶⁸· P· mmm ''almam‘’ Μ·

(1. 051) 095. .-

1111. 111. 111. 1111(1111111. 11111.
111) 111111 1111. 0111. - 111-1111111
Qg. 1111. -1111, 1111. 111. 11. 111.,
1011101. 111.-(111 1111. 111. 111.
111. 111. 1111. 11) 111111 1111111 111-
111 (1. 050 111 051) 5510.

11111111 1111111111. l. 1111111 5530.

· 0. 1111111 01111111111011111.

0. 111111 [1111111111 000.

01111111 111. 0111.(1111111111115530.

0. 111111 01111111111111111110111·
111 1111011101. 1111. 0111. 1111111
Q. 1111111 111111 1111111 Pll 1111111
111. 1111. 1111.1111.111.11. 111.

ΙΓ1ἐ3ἐ111111. 111. 1. 1. 111111 (1.050)

111. 0111. 11111111 11111111111111.

111. (1111111. 111. ll> 01111 1111.
0111.-011 1111111 llus. 1111. 1111.
1111. 111. ll. 111. 11. 111111. 1111111
1111. 111. 111. 111. 111. 1111. 1111)
1. 1. 111111 (1. 0501111051) 5510.
111. 0111. 1111. 111. 11. 11111111
1111111111, 011111 111. (1. 051) 5530.
11111. 0111. 0. Vilius 11111111111011·
1111 Plus 11111 Auo. 008.
11111.1111.1111.111. 111. 11. 1. 1.
(1. 0501111.) 081. 5511.
11111. mu. 1111. 111. 1111. 111. ll.
1. 1. 111111 (1. 0511 1000.
1111. 0111 ..... 0111111111. 5001.
’ Atinia 11. s. (lomina 1111111111. f. 11111
11111 Gaul 1. v. 007.
1111.0111. 0. 1111111 1111111111111..·
1111. 0111. 0. 111111 11111111 011111
11111111111111111111111111111111
11111111 Aug· 5071.
1111. 0111. 0. 111111 Anulus 111-
1111111111 (111) 11111111111 11111
Aug· 5511.

1111. 0111. 0111111 111111 (1111. ,

11111110111111. 1. 001.
1111. 0111. 1111111111111. 5003.
1111. 0111. 0111111 11111111 011111
1. 1. 1111111111111. 1111. mn.

1111. 111. 1'1'. 111(1. 0101100.

1111. 0111. 1101111111 1111111111 Plu·
1111111111. 3057.

Plus 11111 11111111 111. 5010.

1111. 1111111111 Aug. 0710.

ll. 1.1111111111111.1080; el. 0350.
111111 Valerianus 111111 1111. Plu·
11111 1111111111111111. 1003.
(111 temporibus 1111111111 11 Gallioni
computandis 1111111111111 11111111 11·
1111111111, quum 111 ordino 111111·
nicia? 1111111111 1110111111111111-

1111.
1111. 0111. Ρ. 11111111 1111111111

11111111 Plus Fellx 11111111.
111111.-11ι1.ᾗ. 1111. 11111111.
111 111 (1. 051) 5131.

1111. 1111. 1111. 111. ffi. 111. 1.1.

111111. (1. 0551150111.

1. 1111. 1111 1111011111111. 1111.
1111111111. 111111 (1. 055 111
05015511. .- .-

1. 1111. 1111. 111. 1. 111. 111 (1.
050) 533. - .

1111.1.11111111111111111 111. 1111 (1.
05710111.

1111. 0111. Ρ. 11111111 1111111111
Plus 1111111111 1. Qum. mu.
1111. 111. 111. 111. 1111. 111111·
111 (1. 05811000.

1111. 0111. P. 0111111111 0111111111 1111.

1111. 0111. P. 111111110111111110111
11111111. 3057. 5513.
11111111 Plus 11111111. 1000.
1111111 11 11111111 1111. 1111111111
Plus 11111111. 110.
1111. (1111111111 ,111. 0710.
8111111111111011111111 111. n. 1011.
ll. 11.(111111111011. 108ος 11. 0350.
1111111111 111111111111111 11111111

Gallienus 111111 Aug. 1010.

1111. 0111. P. 11111111 1111111111 011-
111111 01111111111. 1111. mu.
1111. 111. 111. 111. 111111 1. 1.
(1. 055) 1001- -

1. 111-..11. 1. (1111111111) 1. 1,
111. 11. 1. 1. (1. 0551110511) 1000.

1111. 0111. 11111111 0111111111 Plus
1111111111111111. 1111. 1111. 011·

 

