xl. 1111111 1111111 1111111.

901111110οι. 111111111119806. 9885.
ιιῗέίοέιόῦὲἧῶιο (Aug. 11111111.

111111111 11. 111116111. 1. 6619.
1. 111111 111111 9860.

11111. 111 11111 11111111 9906.
111111111 0051.

1101. Aug. 6966.

11. 1011111 6111. 111. 111 11111111

1 10111111 1111111111 1101. 9605. 9665.
(1111111111 7997.
(1111111111 am!
Cumanus 6175.
01111111 6170. 6177.
Δ 1111 1111111111. 1011. 1588. 9699.
9907. 990811.
Α 1011 11111111 991011.
8111111 6695.
1111111111. 111 111111101111111111111·
11111 6617.
1. 1111111111 9556.
60111111111111111111111101 811. 71.
m· 111.
Custodes 11111011 5089.
1. 111111199.
11111110. 111111 - 9911.
8111111111 1 1111 1111111 (1) 6178.

1111111111 9801. 9806. 9806111.
011111119809. 9805.
0110111111111111111161001 0. 11111111.
1111111111111111111 0111119016.
11111111 (1111111) 6696.
[11111111111011111 111.. 01111111 111.
01111111110111. 1. 1111119913.
1111111011,111111111 101 -9160, 9697.
96981111 ⁶!- 111111111.
[1111111110. 1111111111 - 9917.
A 0111111111011, 111. 111. 9795.
1111111111 1906. 6700. 6966. 6669. 6066.

0. 111111111111 011111 611111111011
0011111111 9696. 9789. 9869. 9895.

6666. 5608. 5610. 5751. 6968.
6616. 6665. 7609.

0. 111. 695. 1677. 6301.

0. 1111111111. 1. 1916.

0. 11111. 1. 111. 8111111011111011711.

(1111. 1111111 0. 111111111119806.

0. 1111111. 6111. 5678.

0., 111. 71. 8111011 61111111 9899.

0. 91111111111. 739.

imp. 111. 0. 8110111110617.

0111111111 6909.

011111111117111111 71110111 6989.

71. 911101161111111 Aug. 0111. 111·

111111 11 110101011111111111 0610.

166

11111. 111110. 1311111111 9616.
0. 1 111111111895.
0. 1 frumento 61111111 11 011116615.
0. 111111111111. 11111. 0111111111 (111-
11111 1111. 1111119618.
0. 1111111111111111 9910.
0. 1 11111 01101111161111111111..
111. 71. Caes. 1111. 9917.
0111111111111111111. (1111. 1. 111.
11011111111111 9091.
11 01111111111111111111 866.
011111111115078. 7998.
0. 1111111011 936.
1111111 11111 1111111111117990.
0. 111111111 111111111 111111116568.
0. 111111101 0111111 111 6911.
01111111 111011101011 9566.
0. 11110111111111 9580. 0175.
0. 11 111111111001011110111 6176.
0. 711111011 9576. 6171. “
61111111111 6081.
111111111 11011116888.
Domitor 6179.
61111110111 6767.
01111111101 1110116111· 9586.

81111011 6180.
8111101111 11111 11111111 1110111 9616.
8111110111 6700.
81111011 (0111111111111101110111 9509.

811101111 11101111111 9569. 9585.
111. 111. 9560.
81111111 1111111111 6318.
811111110 1111111 9998.
111111 111111116990.
1101111111 1111111. 11. 111110. 11111.
11111111. 9991.
8111111111 5069.
8111111111, 11111111111. 111. 1769*
1111111111 11111 1111111011 7999.
8100111111 9591.
81111111111 1111111111116609.

8111151161 cf. 11111110.
1. 111111111017. 6609. 5755.
1070111111111 5085.
6. 1 0111111111 6181.
1. 101111111 6609.
1. 11111111 011111111116086.
1. 0111111111 111111111111016980.
1. 11111111. 6189.
1. 11111111111 11111 (111) 11111111 6166.
1. 11111116965.
1. 1111111111116185.
1. 11111111. 7960.
1. 11111111117930.
71111111111 6186.
1111111111 111111111 95961111.
1. 1111 111111111959611. 9599.
t. 111111 9593.

 

