11. nuounnpfflcn.

511111111111111 5181.

in 81111 15111111) 5110. 5111111 Brigi-

oee 5155.
(1111111111) 5110.
8111111185. 5105. 7115. 7117.
1111111 81111111 1113.
firmini 5115.
81111111 503. 1018. 3175. 3171. 5177.
3851. 3158. 5175. 5157. 5110711101
11. Picenum.
511811111111111.811. 11. 5111111. 1185.
1518. 3151 = 3185. 550811. 5811.
1570. 5350. 5580. 5018.
1111111115 0555.
11111151 (5111111 1111111111) 5110.
8111111111 1571. 3711. 3713. iiiii.-
5111111111 11) 5513.

i. ieiieisrimus 7111111101111111 (111-

11111) 5500.
51111111851. ’
1111111111 5781. 5157. 5101.
5111511111111 50.
5111115181. 5151.
111111 Foruinni 3781.
511111 51111750.
1. Augurium 5101.
i. 8111511787. 5111.
1. 5111511 Vniiensiurn 115. 111. 115.
1. 5111511 51111111110111511111557.
1. 511111111100. 5110.
1. Domitii 5110.
1. 5111111111 0717.
81111111111111111 85·
i. Fuirii 5110.
1. 11111111111111 171.
i. 11515115.
Foroiuiieneee 1111.
pegus 8111111111111 1177. 5115.
11111111111111111111111111175.5111·
1. 11111 8111115151.
1. 111115110.
1. Segusiavorum 5115.
1. Sempronii 5771. 1058. 1055. 5110.
1. viiii 5100.
811111 108511. 105511.
frumentini 5108.
Frontoni 151511.
Fretum 5505.
5111111 175.
51111111 175.
Fririrroner 5155.
5111. 171.
8111111, 5111111 171. iiii.
Frunino in Borberieo 5510.
8111111 11111 715’1111111111).
Fuigineien 18· 5717.
Fundi 1151. 5511.
51151111 811. 7057.
iocur 5115111 7171.
Furio 1111. 1155.
11111 5111111111 1158.

vie 5151111115175.
Gabini 1115. 7055.
munio. 5111111111 775. 515.
111 1. Gabinorum 1558.
515115110.
5111111, 5111111 1175. 5388. 5151585711.
5111111 5011. 1155. 5811. 5015. 5810.
5111111 11 0111111 51511111151.1-585.
511111111 3551. 5571. 5511. 51581 11.
51111111.
511111111 51181 11. callaeci.
511111 3111. 5551.

51111111130. 5818. 5150.

11111111111115111111555055555857.
5158. 5585. 5818. 5818. 5850.

1111 11111111115111111 Lugdunensis,
Narbonensis, 1111111111 (meio)

5111111 Lug. ei 51111111. 5855.

5. 5111111111 55151 11 5111111111.

5, 5111111718111. 5111111.

5. Lugdunensis 7⁹8: 1151151111111.

5511111111111011. 5185. 5177; 11.

Narbonensis.

G. ’11111111111 15511.
111151111111113550. 5811. 5850.
11111111, 11111111111111 5. 5818.
1151111111 5. 5550.
inquiriior 5111111111 5555.

5111111 sepiem provinciarum 5810.
11111111 11111111115111111 5171.

51111 155. 5575. 5551. 5885. 5515.

5115. 5150. 5115. 5115. 5857.
58581. 5818 (i).

511111111111 1811.

5111111111 (in 51111111 51111111111111)105.

51110111 1111115158.

5111111111, 1111111155. 151. 155.

51111 5550.

51111111 5111.

5111111 1115.

511111111. ritui 1111115511 uir. 5155.

Arimini 5115.

5111111111 750. 1518. 1757. 5155. 5155.
5017. 5011. 5118. 5181. 5701. 5855.

5111111111 511155715550. 5855.

5111111111 utruque 785.

5. 11111111 178. 155515. 1757. 5585.
5158. 5501. 5550. 5500. 5818.

5. 11111111 178. 185. 5515. 5555.
5501. 5051. 5501.

51111111 775. 1818. 5510.

51111151 155. 5110.
511111155.

51111 1115515.
5111111100.
51111111 5110.
51111111 107.

51111111 5185.

 

