· rx. nus 0101111101.

11110001 110111101 11111101 111111111
Laurenti 7087.
01110110 7088.
,1000101011 001111110011010011101101-
11101101011101. 101111 1011011010
111 quinquennium 10101 civitem,
110 111111011010 011100 11011111-
110010111101 (1100100011 001111)
coronetur 10111101 Ariminensium
101011101 111100101110100... 1101·
111001. 11 0111011100 0517.
101011101 111 1. 1111113000.
1. 101011 1110110113οο7.
11110001 11011100 0111000173.
0010110111 7101.
Patroni ciuitatium, 1011110.
petroni cc. 11. 111111. nn. 00110111
1. 0011111100 0111001101111 0111-
brieeque 3701.
1. 11111010011100 1011101) 0183.
1. 0011111111 (0011111101) 11100110·
rium 1111111100 0178.
1. 00010111 rt 00100111 interamnae
Praetutianum 0000.
1.101001111111011111111010101115100.
1. 101011110011111111 011101· 3713.
1. decurionum et 101011 Amiternini

Accietium 1111100100 100.

1. 0101011 11 101011 01111110111100·
100 5171.

1. 000111111 11 10111110100 7081.

1. 111111111 1110111111 1011000 11. 1.
1110111111 0100101010001111011011.

1. municipum 0100111111101.11110·
111 10111001100100 110.

1. 111111 811101011117170.

1. 111111 11 1001110100 Faleriis 3888.

1. 1111110111011 1111101111 05.

1. 1111 111101 31011101100100 0108.

111101111. 0001111111. inc. 3770.

1. 11 10111011. 1. 1111001011οω 05.

1.1101101101010011111011011000717.

1101111011. 0101011 11 101011 Pn-
1101118701.

1. 11111101 101111011111110010111100
010101001010110010101001105103.

1. 10100111 cooptetur er 10110111111
’11. 01111111 11010111 11 11101110
1101 1101010170.

11100 coniti 100100 101110100110
01001110 011011000010010110 co·
tonorumque voiuntete 1111010100
0111100 1011117000.

1. 10011011 decurionum 00010011·
1101 11111111.Δ111111111111 3771.

1. 1111111111 (morotum) 11 010101
cooptetur 311.

103

1. cooptetur e Fruttienenoibne 1070.

1. 1000111111 100111101 1101010101·
curionum 810111117115.

1. municipii (Sulcitani) 0. 0. coopte-
1010000.

1. 101111 11111111 8038.

11110110100 111111110111 0111111 Pei·
1111011030.

0001 1111001101 0111101103011.

0111001 interamnanam. .

1. 11111111011111111 11110111 1030.

1. 1000111111 8111011100 81110110-
110088.

1. 71110101101100 5131.

1. ι1111111110 1110111111 111100 i. 1110.

110111 municipem Sentini 8080.
coioniee Arimini 0771.
indeo Pompeiis 70881.
1010101 root iudicer 11110101 eque·
11110 10110111 Genucii 7151.

0. 1101011001 non 00010111.
1100011111 1. 0001111101.
11110001 7111111111 380011.
0100111111 11111 11101011 3700.
010111111110. 3800. 0801.
1111110101 1110011011110 10811 11. 1101.
11111111101 choree 1011110111.
1110111011101 3801.
80111 111001101100 3000.
1011111 111111111 11111111 0110111 3057.

e· 1101000111 1010111111 11 oioot'eeno⁸
1101111111

011. mun. 81110. 3700.
0111111010011811110011100. 3701.

0111. 1111 1111111111 181 = 1018.
011. 11111101. 1100.

0111111111 11111 111 componite 0110.
011. 1111 1101101101 01001113700.
011. 11110111 3170. 0001.

0111. 10111 10011111 3703.
01111111100 1111 1111001001111111-
1100100 0130. ¹

1101111101 1111 metuerunt) 0088.
11101111) 1080.
1101011οω1110 1011.
1. 1111 101. 110. 1010. cine·
1. 0111011010 1083.
1. 1111011101 0130.
1. 1111 Foro 1011101. unbeina.
1. 1111 Lucretii Arelate 800.
1100010011 1111 1010111101 0101-
011111 1130 = 1130.
1. 1111111110111111 veteranorum 10·
0111000100 0311.
1. 1111 7011011011 0171.

 

