VIII. RES MILITARIS. 117

III agauno 10011. 11011000 00110000 Ριο000011003333ς 0010010010001, 0000-

0100 = 0001001000100 7170.

00010000 0000003651. 3655.

ordo 00100 0000000000 00001. 010.
00 60100000 Aug. PIo 3656.

00110 00 000100 (Ie. 01000000) 3003.

0001οι100 6771.

0100 000000. 0. 0066. pr.

01. centuriones.

Poqumus 100. XX 6335.

Praefectus 306. 331. 3056.

00001. 000000. 3663. 3376. 5716. 6573
67571 cs. 1000.

01001. 000000. 000. Caes. 000. 0131.
60000010 Iugum 3630.

01001. 0000010 336. 301. 1333. 1675.
137300. 3133. 356700. 331700.
3000. 5003. 5130. 6600. 6367.
7076.

01001. 00011. 135. 3361. 363100. 3376

01100 00 3633.

00. numerorum 1000000010 In Ponto
00 00000100.

100 0000 001000 0000000110 1001001-
000 1 0011000 01 III 100010001-
000010 6763.

00. 00000000 0000011100106010000000
secundae 703.

01. 10001000 0751.

pr. 00 001000 300000 00001 murmo-
rum monII 6000000 6633.

cs. 1000, 0066. auxil.. numeros.

⁹ PrImIpuus, 0000101000710. 1365. 3330.

3333. 3133. 3336 (1). 3107. 3665.
3663. 3653. 363300. 3031. 3703.
3363. 3330. 3000. 6366. 6016. 6613.
6753. 6750. 0771. 6353. 6373. 0033.
00. 00 (Iterum) 76. 3335. 3633. 3630.
3666. 3576. 5650. 6333.
cf. 10010000.

00000000.000000000000001. 3310· 6778·

00001. 00. 01000010 3633.

01001. 1001000 5351.

00001. 100. 3153.

00100100 00 munera 000011. Iege. vn.
(100. 01000000 00100100 0767.

pr. 0001000010 160οε3153. 3657.
00. 00001000 0777.

001. pn (00100000 011001) 365100.
00100000 00001100001011) 3636.
cf. 1000. 01 numurus.

pmff, ιω, alam, 00th pr.. ωσι, 31000100 (00001100) 6317. 6333. 6336.

001010 1000.. 0110,0066·1)1·031’3·7 000000.ιέ

auxilior„ 00010110.

00001. 1011. 1367.”

00001. turmae 0000001. 7010000
1333 00.

0000001υο 0011110 001ωο 0000100100ιο
0000. 1000000010 II 00000 0010110
annum XIIII 3363.

v· ιθ 00000000 3373· 76100.

1100100010 3633.
Promotus 000000οί000 3656.
00000110000100. 0. 1000010066. 010. .

0 000000001ου0 3503; 0. 0066. 006.
0 0000011001οιιο 00010011, 0. 0101100.

Quaestor 601 00.

Praefectus 010000000100300010106063. 36367106 337331·

’6ΙοΙο01 0000111 3336.
0000100000 65. 135. 303. 356. 313.

30110000000000010011 6706.

000. 000000010001100 3600. .

000. 1000. mo. 0100. 0000. 0057. scum ³⁵⁷2 w·
0000. 0000. 0000. auu. ³816. ³817. 8000003561. 0560.

3311. 3350. 3376. 3333. 3337. 3333.

00600 100010, 0000010 eorum 3513.

3000. 3305. 5617. 5130. 5630. 6153. 3000100 3515.

6670. 6633. 6677. 6703. 6755- 6753.

os. 1000.. 0066. 006. 01010.

6776. 6353. 6353. 6036. 7015. 7076. 300001011000100, 0. 000. 0100.

7036.

3110000100, 0100000100, 0. 0006. 010.

01001. 000010610353.351.3337.3603. 51001100 3673. ·

6311. 6336. 6315. 0313.

00001. 1000. ter 3303. 5306. 5337.

6670. 6760. 6333. 6066.
00001. 060. IIII. 516.

0. 00010100 100. 6351.
0[.“1”000., 0066. urb. 01000011.. 000.

00 01003000 3173.

0 me. Inbr. 01. 3100151. 1. 00010 Car· Stagnum comum 200³, 0828,

16000ιο 3631.

0. 010001 000 0000000000 35305

00001. 1000. 0000000 01 00000000 3000 3501.

*6306

00000.ιέ 000. 0000.

os. 1000. 0066. 00. 01 urb.
00 01000001 5763.

0000010010 II 0100001000 116056. 3000010100οι 00100000 111 1010010000

0 0000001100100100 0360.

00004ῑὲ9 060. 1001000οι 000000 0011011

rum 3137.
00. 70100100. 133300.
ol. 6000. 01 0066. pr.

 

