11 1. 11111111111 nn 11111111111111111111.

11111. 111. Vfffnnp. ῑῙ. eonii
1.11.11.10011050.- .-

1111. 111. 11111. 11171111111111.
111. 11. 1. 1. 111111. ῙΙῙ. 111111
(1. 101) 0010. ..-
11111111. 1111. 111.-11111. 1111. Π.
(11111111) 111. 11. 1. 1. 111111
(1. 101) 037. 1075.-

1111. 1111. 11111. 111. 111. 11111. 11111)
111, 111111111111. 1. 1. (1. 101)
1111 .

1111. (ints. 1.. - 011011111111111-Ι

· 1111111. 01111111. 1. 1. 111. 111
11. 101) 310.

1111. Ι.. 8111111111 0111111111. 0111
11111-11111111 1101111111111111111111
111. 111 11. 1011111.) 031.

1111. 0111. 0111011111 1111. - 0111-
111 01111111 111. 1111. 1111111.
Parth. 1111ὲ 111111. 1111. 1111. 111....
19. 111. 111...111111(1.1011111·)
00.

11111. 0111. 1.. 1111. ·- 11111 Pertinax
Aug. 11111. 111111. Parth. 1111. 1.
gn. 11. 111... 111. ΠῙ (1. 1011111.)

701.

11111. 0111. 1.. - Plus Pertinax 1111.
11111-..01111 11111. 1111. 1111. 11111.
111. 11. 1111. 11. 111. 111. 11,
111111 (1. 101) 31.

11111. 0111. 1. - 011101111111111.
11111. 111100111111111. 1111, 11111.
11. 111. ἱ. 1111. 111. 111. 1“1“1. 1.1.
111111. 11111111. 11111111, 11111111-
11111111111111111111111 1111111111100)

1111. 0111. 1..8111111111111. 01. Seve-
111011101111111 nug. 111111111111
0111111111 11111111 11 Parthicus
11111111111-1-1111. 1111. 11111. 111.
XT. 1111. 111. 111. 111. 111111 11.
103) 011.

1111. 0111. 1.. - 1111. 1111111011111.
11111.11111111111111111111111, 1111.
111. 11111. 111. 1111. 1111. 111. 111.
111. 1. 1. (1. 1011013.

11111. caes. L. 11111111. 1. 11111011
111. 1111. - 1111111111-01111
111-1. 1. mss 11111. 111. 1111. 1111.
11. 111. 111. 11. 1. (1.105) 015.

11111. 0111. L. - 1111. 1111111. 111-111-
1111. 111111. 1111. 11111. 11151001.
imp-W· 111. ΠῙ. 1. 1. (1.110)

1111111111.

111111 11111111811111.Ι
11111 11111111 5107 111.

1. 111 Aug· 0300.

' ἢ

11.) 1111111 111. 301.
11111 1111111 Aug. 1130. 1013. 5511.
5100. 5505111.

11111111 11111111 111111 1115. ·

111111 11. 11111111 111. 1. ρ. 111.

1111111111. 015. 1170.

111111 11111. 1300.

1111. 0111. 811111111 811111 11111111-
1111111 111. 1111. 10111. Part.
1111. 111111111111111 11101111) nob.
0111. 1111111111111 100.

1111. 0111. - 0111111111 111. 1111.
1111111 1111111101111111 1111. 11111-
1111 111111. 11111111111111111003.

1. 11111111 Aug. 1111111 1111111111,
1111111111111, 1111. 0111. Ι.. -
111. 1111115311.

1. 111. 1111111111. 11 1111111111
005. 5100. 5100. 0001. 0751.

111111 111. 11 castrorum 001. 5331.

111111 1111111. 11111. 110111. 5500. ·

1111111111111. 118. 111313151900.

111111 Aug. n. 111111111111111111-
111 11 1111111 11 1111. 0111. 11.
11111111 11111111 Pu 0111111 Aug.
01111111 1111111111 0111111111 11111-
111013.

11111111111111111111, castrorum. 11·
111111, 1111111 1051.

111111 111. n. 111111111111111111·
1111 1111111111 0077.

1111111111111. 1111111. 11 1111111

1. 1111111 Pla 01111 Aug. 1111111. Aug.
11 11111111 11 1111111 111111111111

Ι. Pin 11111111. 11111111111111111..
1111111111, 1111111111 1111111 0011.

1. Aug. 1111111111. 1111111111111, 11-
11111 11 111111 11111111 11115.

Imp. 0111. 111. Aurelius ,1111111111 ,111.
(0111111111.

1111. 0111. Μ. 11111111 Severus 111·
1111111 Aug. 0737.

11. 1. Μ. 111. 8111111 Antoninus
0111001.

lmp- 0111. 11. 1111. 8111111111111-
111 01111 Felix 111. 5500.

1111. 0111. 11. 111. 1111111111111.
111111 111111. 1.. 811111111811111)

1111. 0111. 11. - Aug. 1.. 811111111

severi Pu Pertinacis nug. 1111111

1111. 0111. 0111111111 811111 111111-

1111111 111. 11111111111111111111-

111111 11111111 1110111111 111111111111

1111111, 11111111. 111. 11111111 Ger·

11111118111111111 11111, 11111111·

 

