53 V. IMPERATORES ET IMPERATORVM FAleA.

1311. - 31111111 11111111 Κ. 31111. 1111. 3311. 11111 1. 311111. 111. ¹1.

31111111. 111. 3335. - 11111111·
311111 1111111 Κ. 111111. 11. 11111. -
11 Ponto 1113111 3111111111 11111111
Κ. 31111. 11. 311. ·- 111111111311
11 31111111111Κ. Pr. 11. 311.

3. 0111111113 31. 3. 11. 3. 11. 11111·

31111311· 533.

1111111111 Caesar 3111111111

3111111111 3333.

3131113111 1. Κ. 31111. m. 3111.

3311115353. ,

3. 111111 3.1. 111. 31111. 313111
31111111 533· ·

1111111111 333131 3333.

11111111113311113111 1. 11 1111111 11111
11111 usquead 3111117351Κ.31111.
ἔῃ. 311. 115331 11111 1111111737

1111113111311111 11111 1. 1111111111
3313. 3313. 5113. 3333. 3335.
3333 111.

1.3. 11111 1. 311. 1111111 11111113 335.

111311111111 303.

111111111311111311111113353. 3335.
3533. 3333. 353311. 3333. 3153.
3533. 3737. 3353111.

311111311131133353. 3373. 3353111.

31111111 337. 333111.

111111 31113111 Κ111. Ant. 31111. 11.
011. Κ11. 1111111. 11. 3111. Κ11.Ρ1.
11. 311. 313. 333. 733. 335. 3337.
3335. 3333. 3373. 3335. 3331.
3333. 3333. 5337. 3373. 3371.
3135. 3133. 3533. 3773. 3333.
31111 31111111 111111 3335.

111111 331111 3111 11111 1. Augu·

111137.

(111111 3111111 31111111 1333.
31111311131111111. 1. 1. 3333.

1111. 311111111. 1111. 1131. 3333.

1111. 3111111111) 1. 31111111 1111.

1131. 13111 1311111 11 1111111111

1111. 3311. 1111111. 1. 1. 533.

1111. 311111 111. 31111. 1311. 111111
1. 1. 1. 1111111 (11117332331.
311.) 535.

1111. 31311111111 1111 1111111111.
111. 1111111. 111. 1111. 1111. (3. 735
= 33 3. 311.) 333.

1111. 311111 11111 11111 1. 31111111
1111. 1111. 111. 1111. 111111111. 1113·
1111 (3. 727: 37 3. 311.) 5333.
111. 33113131111. 31111113 111. 111.
11111. vn. 11111111. 11111111. 111 (3.
73313 = 33113 3. 311.) 537.

11. 1. 11111. 31111111 11111 11111 31.
11111. 1111. 1111. 111. 1111. 111. 1111.
1111... 11. 1. 331.“

Α

111111. 111111. 11111111 1111111111
(1117331331 13111. 11111111
3. 733ε3 1. 311.) 333.

111. 111. 1111.111111.1’111 (mm
= 1315 1. 311.) 5173.

1111. X· 11111111. 1111111111 11 (1.
73113 = 1313 1. 311.) 5133.

11111111 1111111111 1111. 1111. 111. 11.
1111. 1111. xlv (1. 73315 31313
1. 311133.

1111. 1111. 1111. 11111. 111. ΧΙ. 1111.
111111. XV (1. 735 .-.31. 311.)

1111. 1111. 1111. 111. XV. 11113111
(1. 733 = 3) 315.

1111. 1131. 1111. 111. xvn (1. 73713
= 13 3. 311.) 5311.

1111. 1111. 111. 111. 1111. 111. 111111
(1. 733551. 311.) 75.

1111. 1111. 111. 1111. 1111. 111. ΚΙΚ.
1111. 111111 (3. 733133 .-. 513 3.
311.) 51.

1111. 11311111111. 1111111 (1. 733153
35131. 311.) 1333.

1111. 1111. 111. 1111. 111. 1131111111.
1111111111. xlm. 1111. 111. XX
(1.7515311. 3111333.

1111. mu. 1111. 111. ΚΚΙ. 111. Κ111
1111311 populoque 1111111111 11111
1111111 3111111111 11. 753 = 3 3.
31111131. Pr. 1111111.

111.11111.1111.111111.1111.11111111.
11111 1111131 11111. 1131.(1.753.·.3
1. 3111333.

111111311111 1111. 1111. 1111. 111.
11111111755531. 31333.

1111. 1111. 11111 1111111, 31111.
11111111. 1..111111111111.111.Χ111,
1111. 311111). 1111. 111. XXX (1.
733115713 1. 311.) 331.

1111. 11111. 111. 11111. 1111. 111.
ΧΧΚΙΙ. 1111. xvl. 11111 1311111
(1. 73313 = 3113 1. 311.) 333.

1. 1. 1ο11.1111. 1111. 111. 31111111
(1. 73315 511113. 1. 311.) 3331.
1. 1. 11111. 1131. 1111. 1111111111
(1. 73513 = 1313 1. 311.) 3333.
1111 mu. 111. 11111. 1111. XX. 1111.
111. 31111111. 1. 1. (1. 76¹1: 13
1. 311.) 333.

113111 (1. 331) Κ311. 11111. 3111111. 11.
31 1.

1111131 Aug.. 11111 3111111, 31111113
Aug. 333. 1133. 3333. 3353.

111311 11111111 11111111 (3. 733) Κ.
Ant. 11. 311. 3335. 5353.
11111111111111 (1111111111) 11111111
11. 711) 5353,

1111111111 1111111111 11111 11. 111)

 

