511 V. .1ttt³ttRATottts ΕΤ IMPERATORVM FAMILIA.

51115515 11111511 otto. 2911. 1155. toto.

5. Augusto 678. 5377.

5. 5. 15115511. 6115511 61511511 551.
6555515151 555111. mu· 515.

5. 5. 115511 55515511. 6115511615·
11115 551. 5. 5. 555.

55155155 5515 7553.

11. 61555155 11555 pater tt. Cottort's
555. 5355.

’11. 61155151 Τ. 1. 115115) 51155 ΤΙ.
61551511 58115.

Τι’. 655555 5555511151

ΤΙ. 61155155 Noto 5757.

71. 61155155 ’11111555 5551. 551.
11. 1511. 551. V. 1515. (1.753-757)
5375.

’11. 6115515511. 1. 111. Nero 155. 555.
55. 5551. 11515 68115.

1115. 111. 61155.11515131.·

’11. 615515 1111. 51511. m. 8551. 11111.
11. 51551. 15. 11551. 11. Pr. m. 551.
515. 513. 51555. 51715. 585.
5355. 5371. 5855.

5551. 1515.
5515111 1. 11151 55551585·
5555111 ottus (15551515515555.

’11. 615115 Augustus 1151. Pr. m. 115.
55. 518. 1553. 5517. 5575. 5355.
5517. 5537. 3558. 3155. 1513.
5353. 5188. 5555. 5355. 5355.
5175. 5551. 5775. 5555. toto.

’11. 615511111515555511 t. Augustus
37. 515. 355715. 35753755.

1155555151 1111. 551151. 15. 555.

’ Not. 5115. 1111. Pr. m. 551. 585.

111555 ’1111151511 6575.

tto. 6151. 555. 1. 11151 55551. 5115-
1555. 1555515111. 155555555515.
(1. 715511 1. 6111.) 585 55.

’11. 61111555555111. 11151 55555 555-
11151 augurque. 151. 1151. 1555. 155.
1511). 551. 11111 (o. 75511 .··. 718 5.
6511511.

’11. 655551 11151 555. 1.11151 15111 5.
Augustus 555111. 5551. 551. 111. 1155.
1111. 1515. potent. 1111 15. 77115
= 1815 5. 651.) 5511.

1155. 5551111515. 15111. 551551. m.
551. 111 (1. 77513 = 15155 5. 6111.)

augur. 5551. „rt-¹2 155. 1111. 1555. 11111.
1511). 551. 11111 (771 .·. ot) 555.

555111. mu. 551. tffi. 1515. 1111. 1511.
551. xxtt (555. 1555) 501. .-

555111.55515111551111111.1551111.

555111. mox. 1515. 55111111 (1. ’18311

5301115115.

5551555155. 551. 1111111111. 551.

5. 515. v111<·.785so=³os3)7153.

5551. mog-[flb- 551.11111111111.555. V.
1155. 11111 (1. 7851511 5351713315.
5551. mox. 555. 11. 1555. 1111. 1515.
551. 1111111111. augur. 1111551151.
1551111515 55515511. 78515033517)
5551. 1511. 15111. 551. 111111. 1555.
vttt. 555. 1(1.7851511.τ5617)551.

' ’11. 655515 5555115511 555151 (ab 1.
781531 usque 15 1. 7505371 753.

ΤΙ. 615155 Augustus 55111551 11155115-
115551 princeps 55.

’11. 655111 55155555 51 conservator
61515. 11755.

11. 615515111515555511 1. 55151155
55511151 51111551 55151555 optimos

11111115 1151. 551151. m. Not. 5115.
585. 5355. ·· togam 51511515 55515111
11111. m. 555. -· 15 11115155 51511
11. 551. 51. 555. 5115.

55511151 15551551 111155 55111111. Pr.
et 1151. m. 11511. 685. - 5511511
55551115, quoodo 51151511. 61515511
115515555555 5151 5111151551 5515-
515515 51511155 55555 5. 51511111)
Μ. 1155555151. 15 555515 55551511
1111. 5551. m. Sept.

5551551515 15111111.ι

5. tt. 65,)(135155151515511 61551515 511-
1111 .

1155551 1555155.Ι

1155551 615111 11115511 111. 5555511
nepos 5555.

D. 61551111. 1. 5175.

11. 151151 Τ1. 1. 5555511 nepos. 11151
5555. 615515 pontifex 511.

11. 151155 655151 665.

11. 6555111111. 555. 1. 11151555- 555.
11151 15111 oroneo· 55511151 augur.

11. 11. 615111. 5555511 1. 11151555.
5. 11151 15111 5555615551555555-
111515375.

11. (leesor Augustt 1. 11151 5555511
55555 11151 1511151555551 augur.
55511151 quaestor 1111555 5555111111
cot. 11. trib. 551. 11. ott,
nugor pontifex 5555111 5555111115 555.
11. 15. 551. 11. 111511 155. 115. 555.

11515 115551 Caesario: 553. 1751. otto.

111111· vm· ’118551115155 VHV!r Τί. Caesar 115551 Caesario 1. 551.

555155. (77516112 5517 5. 6.) 588.

Tt. 655515 115551 1. 11. August 5.

15511. 5111515555. 15111. 11151 5555111 pron. 5381.
ὟῙῙῙ (1. 783535 5. 6.) 687. tutta Drusi 61515511 555.· 5385. otto.

 

