ι

166

6111111 11111111, cohortium 11111,
11111111111111, 1111111 111. 11111111.
61111111 11111111 1111111· 6676.

VIII. RES IIILITAIIIS.

111. 111. 11 11111111 111111111111-
111111 6765,
11. 1111. 11 1111111111.

61111111 6666. 6676. 6567. 65556566 111111111 1111111116776.

·.·6651; 11. 1111. 11.
1111111111. 566. 1666. 6675. 6666.

1111111 1111. 11111111116511.
11. 1111.,1111.1111., 111. 11111.

6665. 6166. 6566. 6666. 6565. 11111111,1.1111.11.
6617. 566636776. 6767. 6771. 111111111111111111116766.

6765. 7661.
1111. 6111111. 15611.
1111. 1. 71. 61116116111111111666.
1111, 1111. 61111. 11. 11111111 11
611111161 6657.
111111111 11 111., 111111 11111111
111. 6765.
1111111111666. 6666. 6615.
11 1111111 611111115666.
111111111111111111 6161. 5666.
11111111 6576.
11111111, 1. 1111 11 1111111111.
61111111, v. 1111111.
6111161111, v. 1111. 11. 11 11. 11111.
111 1111111 11111111111 6566.
111 1111111111 6676.
1111111116, 1. 1111.
111111111111, 1. 1111.
61111111 6656.
111111111 67661.
61111111 6655.
11. 1111111 6566.
1. 11111 6766.
11. 1111.
1111111111, 11. 1111. 111.
1111111611, 111111, 1111111. 1111116.
11111111 1111111111666. 6165.
11111111 (1111111) 6616.
11. 1111.. 1111. 111., 111. 11111.
1111111111 566. 576. 561. 561· 6617.
6616. 6616. 5666. 5665. 6766.
1111. 1111111 566. 56111. 656. 666.

11 116111111 6666.
11 1161111, 11111111111. 6616.
11111111,1. 1111. 11,
11111111 111111111 111., 11. 1111. 11.
1111111 6676.
Ι11. 111. 666.
Augu. 111111111111111111 11611·
1161111 6611.
111. 11 111111 6111611 61111111 11 611·
111111756.
111. 6111 611161 11 11111111 6166.
111. 11. 11. 111 6111 1111. 6111111
111111 7111111 111. 61111. 611. 11
61111 611111 5666.
111. 1111. 11161111 11 1111661111
11611116566.
111. 111. ..... 1111 1611116511.
111. 111111. 6111111 111111 111111. 11
6111 111. 6651.

111111111111 6671.
11161111, 11. 1111111111. 11. 1111111111.

1111, 1111. 11.,1111.. 1161.. aas.
11111116676.
11. 111111116566.
11. 1111. 11111111.
1 11611111 6665. 65666561. 6566. 6616,
6666. 76661. 76661.
1 11111111111111111 76661.
1111 1111111. 6176. 6667.
1111111 11111111 1111111111) 6166.
1161111111111111111 111111111 6666.
11111111 1111111111 11111111111 111-
[1111111556.
111111111 1111111 6566. 666611).
1111111 111111. 11111111111. 61111
6161111611 1111111111111 11611111
11 bellum Parthicum 6666.
11111111111111 661. 6656. 6576. 6566.
6561. 6565. 6667, 6765. 6657.
6666. 6666. 6666.
1111111111 1111111116666.
1111111 11 111111111 1666.
1111111(111. 1111 11.) 6667.
1111111 11111111 1111111 11 111. 111
11. 5767.
11. 111. 11. 11 11111. 7111111 116111
111. 611. 611. 11111. 6766.
11. 11 1111. 61611111 111. 6666.
1111. 1111111161111111 11 1111. 11·
111111 111. Plo 11 11 111111111
1111. 1116111111 111. 1111111111 11
1111111111 111111 11511111 11111111
111111111 6571.
11. 111. 11. 11111111111111111 111-
11111 1111. 6111. 7111111111. 6776.
11111111 11111. 11111. 6616.
1111111111 6566.
11. 1111 61116111 111116566.
11- 11111. 6611111111 (1) 6661.
111111 1111111111 TI. 61111111 6111
111. 61. 11111111 6576.
1111111116566
1111111 111111111111111111767. 666.
6577. 5667. 5616. 5666. 5666.
5166. 5616. mo. 5566. 6657.
66571. 6656. 66561. 6656.
61111 1765. 1666. 6661.
1. 1111161111 111. 1116166.
o· 1111111116776.
1. 1111111111111 6666.
1. 1111116111111 6666. m ⁶88⁴.

cf· 1111, 1111. 11., orb.. 111., mur.

 

