11. GEOGRAPHICA.

3111111111 1. 3131.
31111111111111 1111111 5118.
' 31111 11 Olympum 3033·

Ptolomaei 01111111115311.
3111ἓ1311ἓ3161ἓ313151. 3531. 1313. 1351.

3111111111 3731. 5330.
11. 11111111113533.
31111111 5333.
1111111131. 3858.
11111111 5310.
311111111111, 1111111111111 1111111533.

1111111111 1111111111. 3338. 5501. 5333

5518. 5513.

1111111 1111111111 3118.

111. 3111111111 1130.

111. 3111111111111 1331. 3315.

111 o. Puteolanorum 1008.
Puteolani 130. 335. 1333. 1331. 3511.
⁸ 3113. 3353. 1131. 1331.3315.1383.
1111111111 5310.

1111111111 3018.

1111111111 333.

01111111 5310.

0111111111 (1) 5155.

3111111 113185. 188. 3505.

31111 (1111111)111.· 183. 13111. 133.
513. 533. 185. 3533. 3510. 1388.
5118. 5138. 5133. 3111. 3815.
3331. 5318 (1).

3. 11111311 111111 31111111 3333.

31111 11111111 133.

3111111111 5310.

1111115310.

311115353.

31111111 3131.

111. 3111111. 111111111 1111111115380.
3111111 3130. 3133.

1111311111. 3131.

311111111113. 1158.

3111111111111 3313.

3111111 5333. 3133.

3111111133. 530.

31111 3385. 3181. 3333.

3111111 531311. 3111111.

1111111111 3031.

1111111311.

3. lulium 3153.

1111111 111111111 3838. 51831011.

31111111 15011.

3111111 Lepidum 3383. 5313.

1111111033.

1111111 111111 111111111 3811.

1. 1111111. 11111111. 5313.

1111111330. 1311.

31111113081.

3111111111. 133.

31111111 1331.

311111111018. 1313. 5333. 5333.

3111111111, 1111111111 150. 833.

1111111, 111. 1111111315.

3111111111 111111111111503. 53131 1.
3111111.

, 3111111115310. 5335.

311111111111 3331.
Romulo, 11111 - 1315.
· 31111111,11111 - 1311.

(1111111.111111111.Ῑ.1111. Vol. 111.

31111111 31331.
111. 1111111311111111111. 5330.
311 1111311111111111 5313.
3111111111. Pr. 111111.
311111535. 533. 5503.
(Sami 11111) 3153.
111 31111 Faleriis 1303.
3111111111 1111113331. ·
suumn 133ὁ 110. 3333. 5113. 5313.

31111511 5310.

311111111 5310.

31111111 3333.

311111115310.

311111111111150.3333. ·

3113111111 1133. 3301. 1353. 5113.
5130. 30131130.

3111111111 15011.

3111111111 5133.

3111111303.

311. 1311111111111) 3033.

3111111111 138.’

3131111111) 111111111 31133

311111111 5101.

Salodurum 11111 133.

311111, 3111111 503. 1131.·1335. 5331.
5313. 1355.

111. 3111111111503. 1003.

111. 1111111 111113. 3133.
3111111111. 11111111.Ι·“11111113338.1131.
31111111 5310.

Sub 1111111, 111111 5310.

311111 tomorum 5331.

311111 1111111111 5313.

811111111 unguo 0331.

311111111 1111111318.

311111151111 5333.

Somnium 550. 3301. 3305.

311111111 533. 51311. 5111. 0331
311111111 1331. .
31111 ss. 1101.

Surculum 3311.

31111111 131. 5331.

Sordidum gono 5311.

3111111111. 15311. 3311. 3103. 5130.
5131. 5133. 5133. 5135. 5113. 5555.
5531. 5333. 3133. 3310.

31111 3533. 3303. 3313. 3311. 3511.
3111111111 5353.

3111111111 150.

311111111131111 (311111111111111151331.
1111111 5031 11. 3111111111.

11111118. 1553. 5351. 1013.

111. 3. 11111111113133.3333.

11

 

