6 · 11. GEOGRAPHICA.

16611, 661. 16111 (11616 5057.
1661661161 5181.
Aceruntini 5183.
1661616 6116.
166616 13111. 563. 806. 6676. 6685.

63511056.3116611331173616·

· mmmmwmmmi
6683. 6010. 6015. 7666.
16666166 666.
1116166061 5816.
166661 6007.
166166616 5610.
municipium 16611666166586.

Agrippinensis 6156. 3666.
1161666616, municipium 611116 - 3771.
11166616 611166111616 1607.
116661. 61111613871.

116666 5610.

116666 861·

11666166] 5610.

1166 (16616) 5365.
1166611161. Pr· 161. 1161116.
11666616 3118.

611116661 6668.

1166616111 (sier 1738.

6616616 16611666111. 1661666611661 1166 06611616 5165.

3108. 5660 = 7086.
661. 1161161 61 11116116 6036.
16616666611 6116.

1661116161 11661 Antiochiae Pisid- 6156.

1616611185. 185. 103. 11068. 5613. 5366.
1611666 687.
111166 (sie) 6361.
1611666116 3806 61.
Aegyptus 36. 1683. 3131. 3651. 3666.
6063. 6066. 6066. 6367. 60561.
Aegyptius 6876. 6806.
16116 1616616 6700.
Aelium 1111. municipium 603.
16611116, 16116 1181. 3610. 3033. 6186.

1Ὓωωωωωω.

16166666, 11161 - 6666.
1611666111, 661. - 1061.
16161166, 661. 566.
Aequum 3536.
1611666661 5638.
Aequi 536.
Aequienisni 5130.
munis. 161616613331 11.

161616161 6663.

161113803. 3006.

16166161666111 3633.

1616111566.

1666666111, 1616601661 60551 16116
1611611166, 161.

1111611111. Pr. 16. 11111. 567. 560. 610.
773. 376. 1656. 1130. 1136. 1178.
11881106. 1756. 1000. 6367. 6360.
6377. 6750. 6766. 3066. 3656. 3063.
3166. 3181. 3185. 3560611056.
36583661. 3676. 3761. 10861061.
5066. 5176. 5650. 5561. 5337. 5338.
5503. 5505. 5850. 6007. 6016. 6010.
6051. 6651. 6176. 6181. 6183. 6606.
6105. 6107. 6608. 6506. 66686660.
6650. 6766. 6011. 6066. 6051.

Airi 6773. 3635. 6600. 6880.
11161166 3331.

111116666 161111 5165.

Agrigentini 151.

Agrippinensis 661. 1103. 3381.

116661 Pompeiani 6170.

1166666 16661 inii? 6613.

1166661 11166 6666.

Arnensis, 6111166 - 6330.

11666611 3685. 6166. 7007.

11616666661, 116661 103.

116666111616 161 1661166 5655.

116616661 166166 (Decies) 6687.

116111556.

11616666 11166 3386.

1161111161 3785.

1166666116 3656. 3605. 6636. 6158. 6615.
6568. 6061. 6065. 0063. 7176. 11611.
161161. 16. 161. 11611. 61. 1161116.

11616611166 urbs 1133.
1161666116611 6578. 6581. 3665. 3668.
6887. 6806.

1111666.666161161616611661161611-3111.

111666116 3513.

11116 6615.

1111116. 166. 3161. 3887. 7116.
11111661 136. 5167.

1116616161 306·

111666666161 6616.

11161 1183. 3601.
1166661666,1116611666666633880.
1. 0611116666156. cortine 63306.
1. 1611106166 6611. 3331. 506636368.
A. 06661666 3888.

111161 16661611613.

111161 5168. 5130. 5666. 6766. 6767.

68576.
111661361. [6116161161611666. 11.]
11116615113.
111166116 161 1661. 5163.
11116 Alsiensis 5116.

11111166161116161 180.

11116616 668.

111166161 (i) 3681.

661. 1111661. 6686.
116161. fluvius 5330.
116616661 636· 5613.

16161666 6860.

16166661. 5365.

Ambrussum 5610.

1166611661 161661, 16161 - 6706.

 

