iai

i. caramaniinia 8188 (1).
1. 11111119598. 9598.
, i, 1111111 9598. 959711.
i, 111111 9598. 9594. 959711. 9598.
1111111111 4187. 7989.
raiaoenii 4098 = 5888,
811111111111 4188.
Finiiiiarini 4189.
11111111 18 imbricibus 4198.
1. 11111111114191.
1111111811 9815·
8111111811 81 111111114199. 4198.
8111114889. 4995.
A 1111111119895.
81111111 4891.
1111111111 9888.

811111 1111111111 9589.
8111111111 9881.

1. 8111111 1114889,

1. 1111118111 811111114195.
811811 Ti. 81111111 nii.
8118111111 4197.

Gladiatores 8894.

11. 111111. Campani 8148.

11111 11. 9588. 9588. 9545. 9578.
8811. 8151111.

1111111111. 9558. 9559. 9588. 9889.
4847. 8159. 8188. 8187. 8189
7817. 7185.

iam. 11. 811111111181 1111119578.

81111181111 18811111111 8158.

11111111 1181 magni 8178.

1111121ἐῖςῖὅ 11111111 81111111 811111111, 1118.

11. 11111111.
Giniinariua 4198.
(11111111119995. 8445.
(1111111111111188911. 1998. iiiii·
81111111 1198. 1199.8589·.-4159.
Laiinua 1197.
11111181111111 4199.
1111111111 5089.
[1118111111 981811.
Hieronica 111111111 111118111118111
91881 11. 9897.
11. 811 1111111111 118111111111 989811.
8. 11111 11 Urba coronatur 811111111
1811111. 88. 11. 811111118111·
1111181111. 9897. 81811111811.
11111111 = 1111119881.
Hoplomachus 1111141111 9588. 9589.
88 81111118998.
[1111111111 4908.
88 8111. 1111. 9998.
Ab 811111111 8991.
11ωὲ3117111 81 camno Gaoiamoniann

81111 5844.

811111111 1111111111 puerorum 1111111·
1111181111. 1. 8898.

XI. 1111111811 orricii Palma,

lairo;ri2a³a2 regionis anaa 11111 Baua

1111111111 Ti. 81111111 811.. qni priua·
1111111 1111181111 1111111 8188-
1111111119975. 9978. mi.
inanraior 4981.
11111111 4989.
1. 11111111. 4988.
1111111111 9998.
11111 1111111 791. 9997.
111111111 4981.
1. 811. 8819.
111111111, 811. i. 4891. 4488. 4891.
A iornaniir‚ Naronir 8111. 8111. mr.
11111 inmania 987811.
11111 1111111111 4874. 4898. 4881.
1111111 9848. 8488. - parim·
1118111111 198811. 7985.
81111181111111 4158.
A 111111794.
[1111811111. 8111. 1. 111. panim -

8111. 1. 111. 11 11111111111 11111-
8111119988.
81111111 1881.
Ι. 811111 811111114985.
i. 11111111111114988.
i. 111111111114987.
banio. 1111114999. 4889. 7887.
1111111811 8111111111.. 811. 118. nin.
111111119898.
8111111811. 9854. 8179.
i. ad aram rorioarnm 11111111 arsi.
Lanternarinr 8999.
81111181111111 11 1181111111 9111111111
1 1111111 111111. 8948.
111118111111811111111. 8111. 1. 111.
781111111111, 9884.
8111811111 4998. 4389. 8445.
111111111119871. Aug. 111. 8985.
111111 8111181111111 11111 lacunaria·

ieoirix 9848.

8111111 11111111 7988.

Lana 4989.

811111111111 1111111111 4945.
iannncniariua 1. ’118 (8111918118)

Libraria 4919.
1181111114919. 8857. 8445. 7179.
Ι. 18 1111. 1111111111111114918.
811111 1181111111 81 11111 111 4911.
118111111 1111111111 1111111) 9878.
1. qni 11111111111 1111111111111818
1111111111 111111117988.
i. 81181111895.
i. 1111111111 Graecia ai 8111111 9819.
cs. 111111 minora 1181111 111111114-
oa'pni' .
1. 18 manuni 9874.

 

