10 1v. RES SACRAE.

P. 1 1101110108.

Ρ. 11 11001110 0111101010 0170. 0105.

Ρ. 0110110001 1 11011110 (ec. 0111
10110107.

Ρ. V. 11001001 1 11011110 0111. Aug.

P. 0001100010 0050.
Ρ. 000011 11010101 Aemilianus 00011·
0011110100.
Ρ. 111011001 0001110010 1510.
Ρ. 10101010 0010. 0050. 0053.
Ρ. 11011100 110111 1101000110050.
Ρ.1000101001101101111110101. i. 0110.
Ρ. septemvirum epulonum 0850.
Ρ. septemvirum 0100.
Ρ. 00011100 100. 1 110011 0105.
Ρ. 011110011 110111 0011111010 1010·
11111010 0100.
minucianusSoiniiumTiiieiiumiioii.
Ρ. 01 1100100110 Aureliano 101001-
01100 11011100 0100.
0011101111011010111111011110070. 0071.
Ρ. 00110011010050.
Ρ111111111 0500. 001110101011010150.
0000111101 00111111 0150.
0000111111 00001110 001111111 5010.
’ 110001001110001101100011111010010150.
001111 00110111101111010 0100111.
0. 1 11111100011110111101 0107.
010010011011 0011011010 1. 101 110111
00111011 00101101001, 1011011101·
101 0. 0. 0. 0011011110 1010 10111 01
1001011111011.101. 10001001 01011
’111101οο1 00101011. 1. 0. 0. 1., 00110·
11010 eorum 100010.
Collegium tibicinum 01 1101010010 110-
munorum, 1011. 0. 01. 0110.
0111010001010111010 000100. 0150.
V. 000011010 101011111οι0 0101.
0101101101 0011011001 1. qui 1011 110-
00110) 01110010011100 01 101111111·
11101 011001101 10011001 0153.
0101110111οι eiiii:

0. 00001001100100111010110.

1101101
010101οΙ1 1
01001001 0110.
(11111111 1
1111010 0111101. 0101. 0110.ί
01101111
Ρ110101 01101110 0107.

Ρ111101 1111101111 1010000101 0000·
101010 00. 07. 0110. 0100.
1011101 10 11011 111101110 0100.

101011 01 00111111
01001001, 0000100110111111 0100

w 11111111 11111111.

Coronatus ’1010110 01 1110111110 0171
0110120113866.
01503ἑῖ0010 1101100110 0111010110

Galliae .-

01001001111001 0101100111010 1111111·

· 1010 101. 185.

0100100110 001001101 1111101010110-
0111 (1111111 5007.
01001001 1101010 0110101111010110,
11010 01100 confluentem 000,1.
0. 11. 011. 10 11110 011 0000000101
111111 01 Rhodani 1010.

0. 1110 Aug. 1010100000001.111-
111 1111100101 5000. -

S. 10 101001001 11001010 01101. iii
0101. Gaii. 5005.

0. 10100101. 1101010 11101. 10 000-
00001. 111111 0111100101 5000.

010 11110 01011111 001111 1000
1110010οι 11. 01. 1. 10100 00000011·
101 111111 0111100101 5000.

01001110 01011111 1111111 0031.

01001001 011111111 Vocontiorum 0000.

1100100 0101100110 111110000110 0510.

1100100 0101100110 1101001 0111111101-
1010 0011.

0110110101 01110 10101110 0101. (Ner-
bonensie) 0000.

1111000100 1

11110100 0001100110 1111010100 0110110111
(Ρ. 11. C) 157. 0105. 0015. 7150.
F. 1100110 01 1010111 0111100111

1111010110 0110010111 155. 0010.
010101101110. 11. 0. 0107.
0011010011ος. 0. 11. 0. 0700.
11. 01101010 01 Augustorum 0. 11.

05005.

1110101101 1. 11. 0. 3070111.

0110110101 00010010 00001111 1. 11. 0.

0110100 01101001 101. 0101100110 1110·
11010 5005.

1110100 01101010 101011 00001111 (1
1101111011) 0700.

01001001 11011010 11 101. 000100101
11100001 0107.

01000001 000100101 0111111 0105.

1100101 1

1101001101 1110111010 111010 0171 (101-
111100001000000010 0010 1100100110
101010000010011101 11000 01 1010111
eei. 10 101101 1101100110 00111001

§negeturne 0110 101. 0171. 0107. eise.

Graecia:

10011110 111010100000001 110 0001010·
10011001 1001. quorum 1001011111
0001 0010101010 011011011111111111
10100101 0071. ·

 

