x. 3131331131, 1111311111111111.

1. 11131 1131 11311131 11 omnium
113111111 133111 inno 31131. or·
3131 13131111 11 111. 13 11. 113.
3111131111 1131111 4057.

q. 11111111 11111111111.1311 111111-
111 31311111111 0111113333.

q. unni primi tentoriorum 31111331·
111113 3311311111113 11111113113
3111114071.

11. 11. 1311. 1131. 3111111111 4053.

11. 11111111 1131. 11 1131131111113-
oium, iidem 1111111111 4133.

11. 13311131 11311131311111114053

11. 11111111 11111 11111113 Alburno·
3111113087.

q. 1111313 0111114103.

11. 13111111 notionum 111. 111 311.
1111131111 3730.

1. 1331111 principalium 111. 111 111.
111 13111311 11111111111111111111

031111111 11 1111111 11113133 ioris
’1111111 011111 5350.

173

111111. -1111113113 1113133113 11

0111131113 3331.
111. 1111111111 11111111 1111111111 11

1111111 1111111 3317.

313311131111111 iuononi 3031.

1111131 1303. 3073.

11111111 1131131 3111313 011111·
oium 3130. 7103.

13111111 11311111 1111111113 311111133
3311113035.

corporatorum 1111111111131131 11·
3111111113 11111111113 011111·
nium 3054.

11111111 1111111133 1311131131
0111117305.

3111113 131. 1113111111 111. 131·
11111 1131. 11111. 1111111111 3133.

11 11111111 31331113311133 313111

11111111311111111 honor 4075.
3111131111 1131113113 1. 1111131111
3111111131 1111111111.
311131 13111111 111113813111111331 =

031111111131 113. 11111313 1111111 3711

7133. 7184. 7313. 7313.

11. 11 1111111113 0111117305
131111. 11111111. ,4111111111 7133.
1111111131 3111111 311111113

0111114103.

31331113111133 1111111111 3335.

11111113 1111111 11 Antinoi Lono-
oii 3033.

1111. 1131131 Ρ11111113375.

1311. 1131. 1113111131111 11131111.

011111 3317.

111111. 11311 1311 113113 133. 4037.

113111111 horr· 1111311. 113311. 113·
mor 3333.

11113111 11111111 4103.

1111111111131 1131113111131113 11-
31111131111 1313111113 011113·
1113 4054.

1111111131111 71111111111111111111 111·
1331111113 11111111113 01111-
11311 4133.

11111111 Liberi 111111 1113111 3333.

ii 3113111331 111111. 11331537.

13111111 1313111 111311111131.
0111111. 1111111. 3117134.
311131113133 011111 7305.
11113111 31131111. 1131113113 Lu-
113. 11 1111311 1111111. 7007.
111 13111111 1111413133 1111111·
iorum 111. 11111111 3115.
11111111 11311111111113 runnu
1131111 3111111 1131 11111111 3113
mimoni· 1111111 1111111111

11111111 111111111 Antinoi 11 1111311
31113113033.
13111111 31131 (11. 311131113111·
311311111313387.
1131111111 1111111311 13113111 mo·
nieorum 31311113 1111111 3313.
Τ1131311 (11111111 11111111) 1111111111

1131111 31113131 3311131113 3130.
711131111133. 11111111) 1331111111 3333.
111131 13311111111111111311111 11 1111-

111 11111111 3033. ’

1131131111 uario:

1113111113, 1111111113 1131111 311133
13 - ,41111111 4133.
Ario 11111111 13111111.

1. Touo· 1111. 1131. 11113113. Ιο- “

3111 1703.

(1131111111 1311111311134033. 3371. 4335.

Curio 1311 111133 Comi 3333.

1111111111 13111111 unnim.

111311 13111111 centonariorum 31111111

813111111113 11111111 31313113 31111.
1111111 4107 ; 11. 3033.

311311 1131111 (3133111311. 1133111111.)
1111111 3375.

1311311 (= 11111) 11111111 1131. 1111·
3331311131 7315.

11111111111111 31131 13 eo, 111 111111
13 131111113 11111111 11111111 11
Antinoi Lnnuoii 3033.

111 13313411 71111111111 1131111131-
nono

 

