11. Guoumfllcs.

11111 6236.
1111111 6312.
1111 6267.

istrie 1. Histrio.

lteiie 702. 11301162. 2366. 26203063.

3116. 3663. 3766. 6666. 6633. 6637.
6118. 6660. 6662.

111111 utreoue 60.

i. 111111161111106.

i. regionis 1111111111116666.

itsiiei ouei Argeis negotiemur 6236.
i. fugitivi 3306.

1111111 167. 6202.

111. 1111111111106.
111. 1161. 11111111111 1037.
1111111. 111111111111 623.’ 6007. 6060.
6061. 6062, 6626. 6663.
iudeee 6633. 6166.
116111 3366. 6721.

711 11111 Auguste 6103.

iulienses 6063.

11111111 6210.

1111111111 6176.

1111111111, 111. 11161. 606.
1111111111 607.

711 11611111 3066. 6670. 7321.

Lseedeesnonius 3060.

1111111 3061.

111111 2361.

1111111 6332.

1111611111 6331. 6601. 67321. 7066.
duretis 1116111116332.
Lembeesitsui 6333.

11116111 turn 11 6210.

1111111111 6667.
1111111111111161111111111111116211.

Lsngstes 3121.

111111111 Langenses Veiturii 3121.

111111 usgue 6166.

111111111160. 1306. 6167.

11111111 106. 3766. 6016. 6177.

1116111111111 Lyco 3036.

1111111111 11 Syrie 3620.

1111110111 160 sp.

Lenes, 1111111 111111 Aug. 6327.

Lerineies 162 so. 6176.

71111 11111 6366.

, 711 111111 3203. 6363. 6603. 6020.

6670. 6507.

111111 liei. Preen. nr. 6111111.
11116111 6261.

11111111, 1111113270. 6061.
11111111 Quintenenees 116. 3007.
11111111 22761 othenesiensem

⁶ Leunseiiurn 6210.

1111111112173. 2061.
1111111.(1111111611711112173.
111111111126. 2172. 2276. 3726. 7067.
11181111111111111113161.6113.6631.

· Laurentes 1111611111. 6620.

1. rico Augustinorum 6621.
1111111111 2166.
711 11111111116166.
111111111111 pagus 111 ottus Nolano.
sum 6166.
1161111111 iens
Lemurinus 11111
Lernuris fluvius
Leontos 6723.

3121.

Leptimegnenses 6612.

1111111111111 6676.

1111111111 11111111 (11106.

111113233.

1161111 621·

116111111 1111116666.

11611111 6210.

Libitinus orgus 6666.

11611111666. 6277.

Libye 3660. 6663.

Liguris 1161. 3666. 6662.

Ligures 661. 662. 6636· 6107. om,
L. 311611116166.
L· 61111111116167.
uertice Ligurum 6666.
Ligustinum 6666.
usgue Ligustinus 6666.
111 puisi. Ligustinorum 1611.

1111611111 161.

Lindus 6703.

Lingones 076. 1707. 2026. toti. 3020.
6030. 6662. 6666. 6660. 6660.

11111 pegus 6112.

Locrenses 16011. 1733.

1111111111. 1111111 ielis - 116.

1111111 6116.

Lousonnenses rikrni 326.

11116603.

1111111 (1111111) 660. 1076. 1167.
6626. 6766. 6032.

11111111 6667.

11111116167.

11111 = Lycii 3676.

11111111 1111116666.

Lueoioronensis, 111. 11111111116032.

Lueretius 11111202.

1111101111 pegus di³2= 1161.

11111 (Aug. 71111111111116226.

16 11111 6210.

Lugdunensis. Lugudunensis provintie
366. 2166. 2273. 3331. 3661. 3662.
ἓ630. 6063. 6662. 6661. 6323; 1.

11111.

Lugdunum, Lugudunu- 606. 630. 3662.
6020. 6077. 6262. 6606. nisi.
6602. 6001. 7007. 7366. 7266.

1111111 Cieudie 611111. 136.

111. ciendis (11111 ing. L. m.
6231. 6031. 6032. 7260.

111. Lugdunensis 2322.

eiris Lugdunensis 6666. 6667.

 

