1

118111. 111 111111 11 1111 ...... Aug.

1183115111 1111111111111111111 1111·
0111 81111111 1070.

lurss⁸ 1111111ἓὸ ,1111111111 1111111111 1

———

1111111111. 7138901111. 1151. 1161.
1111. 5591. 5597. 0108. 3511.
11111111 11111 1111111111 773. 3013.

111111 11 111111111 111111111911.

1111111111 1111111111 11111111113011.

1111111111111 111111111 1 1111111111·
11111 5117.

1 11111 1111111 Parthico 0000.

11 1111. Caes. Traiano 1111111111
111. 3135.

1 Divo 1111111113051.

1111111111 111111111 6173.

Equites:

Ordo equester 710·

11 11111111 equit. 811111. 11111111
7912301811.

1111113051. 3757. 1081.

111118111111193. 1185. 15181991.
1151. 1330. 1533. 1095. 1731. 3050,
3180. 3500. 3758. 3731. 3815. 3939.
39931010. 1077.1101.1115.1519.
1551 5330. 3817. 0903. 3950. 7011.
7131. 7377. 7118.

1111131111111 111113017. 3109.

1111111111111 1111111111 3710.

1111111111 eques 81111111101850.
3051 (1). 31085037. 0111.

111111. 111. 11. omni 111111 1111111

eq. 11. 111111 1111111 7088.

, 11111111 1111111111 11161091.

eques 111111111111111111111311179.
3319. 3911. 0103.

equo 11111111 80. 88. 801. 1183. 1188.
1310. 1513. 3055111. 3081. 3100.
3153. 3155 3190. 3119. 3180. 3110.
3719. 3711. 3738. 3777.’ 3780.
37903831. 3835Ι 3853. 3833. 3377.
3885. 3888. 3890. 38913000. 3901.
3005. 3009, 10391051. 1039. 1101.
1119. 1961. 5017. 0609. 3331. 0051.

vll. RES PVBLICA ROMANORVM.

1111 1111111111111111 11111111111111
11111111 1111111111131. 3858.
111111111 11 11111. 11111 111111111
3703.

111111111 1 Divo 1111111111 7171.

honoratus 11 1111. Antonino Aug.
111 1. 1. 1119.

111111111 11 11111. 1111111111 11
11111111. 0119.

111111. 11111111111.. cum 111·

· 1111111111 11. V 3053.
111111111. vn 0110.

11. ΙΧ 0111.

11 Aug. ’1111111111111111 11 equo·
111111 1111111111 1111111111 3019.

equestris 1111111111 puer 7171.

collegium 1111111111 1078.

11111111111111111111111111131.133.

turmae-sex 3013.

111111 Ι 0190.

111111 11111 0111.

ex equite Romano 3733. 6708. 6771.

811111 equitum 111111111111731.1171.

1111. 1158. 3151. 3183. 3381. 5501.
0006. 0011. 6013. 0188. 0191. 6195.
11111 137721701. 1701.
11111 11111111111111111111101810185.
1111111 1111111111111111. 133.
5135. 6715.
11111 1111111111. 111111111111111377.
3131. 3190.
equitum 1111111 11111111 0007.
1111111 1111116018.
11111111. 11. 1111111 11111111 3911.
3013. 3101.
turmae secundae 3015.
1111111. R. 11111111111111 5919.
1111111. 11. turmae quintae 3135.

Clientes 1000, 1175. 3001. 3091. 3103.

3909. 1000. 1083. 1905. 0018. 7085.
1111111111 iidem 111 11111111 3033 =
clientela 150. 1079. 3050. 3057. 3058.

3093. 3113.

1111111111 domus annulus 1030.
1111111111 factum 11111111111111111

11111 privato 3050. 3057. 0113111.

11111111 1111111111 3050. 3057. 3058111.

, 11111151.1131111111111111. Patroni. 1. m 1111111111.

111111 1111111 111111111 1370. 3811.
5175. 3950.
equo 1111111111111111111111 3051.
equo 111111111111111151. 3810.
1111111111 133. 37195181.
0009. 7013. 71191.
1111111111 equo publico 7139.
equo 111111111 1111. exornatus 0591.
1111111 equo 11111111111111. Caes.
71111111111111111111. 3010. ”

1111111111 cooptatus 3093111.
1111111 111111111111 11111111 3767.
patronatus 1111111 0115.
1111111111111111101150110.7000111.
11111111 clientis. 1111111111· 3061,
1111111111 (111111) 519.
1111. 11111111 1111111111 3058,

11111ιὲὃᾶ 1111ο111 1111. (Narbonensis)

 

