111 x. 00111011 secut, 1001101, eruum

1111110111111 111101. 01111111 4104.

1. 1111111111 11 1111111 11111101 0417.

Patronus 1111110111101011 101 01111-
11111 111111111114111.

10111111 11111101 7111111 0001.

10 110 11 011100011011111101111·
11111 1111111111 tm.

1101111101 01111011 0111111173.

11011010 11110111 tuorum 0040.

11111011 10111111 1110011 111111
11101111· 104.

111111111011 111 1111113000.
1111101111111110111111 11111. 11111-
1111 111. 111011111111114000.
111101111 111 1111. 1101. 11111111.
11101701.
11111111101101 0111114100.
10111111 1111111101 1101011171οθ.
11111111 11111111111011 0110001101
1010111 3070.
1111111101 05.
0111111 0007.

Gaudentium 111111100101110110011
11111111111011 0050.
cultorum 1111111111 Ρ110011 7415.
0110111001010 0111110100.
eet. 011011111011 utque 1101011111.
11010. 7010.
1011. 1101011 11011 0040.
11011111 4108.
umorue 70.
1111. 4044.
10101111 tete.
1111. 1101. 1111. 1. tue. 3001.
1011. 1101. 11 1101. trement 00.
0111111100 1111111014130.
0111. 101. 0710.

10011111. 1101. 11111111. 11110111.

Aput 0054.

1011. 1101. 1111. 11111. 01101. 01·ιο011 mum„

4009.

0111011οο111οι 01100111 0441. 3443.

11110111 0111111011 Amicum lq·
00111 4077

town 1111110111 11111 111111. a

muterun 1111110101 11 noddo·
1011 110. 0050.

negotiatorum rtuurturu 10 Um
Ostiae 4100.

1111111111 110. 4100.

11111111 11101111111001 11011111 4110.

11111111 11110101101111 murrum

1011111011 1111011110 0111114101.

10111111 1011111011 11 11111111-
1111014115.

11111111 110101001111 11101111 4111.

11111111 111101011011 1111111111-
1111011111111101 11111110111114100.

1011111011 01111111 011110111111 tu·

1. 111011101111111 11111111 111111111
11111111. Ostiae? 4100.

Patrone 111111111101111 1. 1111. 4447.

cultorum 1111111111 11110011· 7415.
1111011111111 1101111001111. Μ.

0111111101 1011. 1101. 111. 1101. 0000.
Praefectus 1111. 1101. 11111111 4100.

1111. 1101. 11 01101. 1011111111· 2177
= 5111131111 eamme 7100.

11. 101. 1101. Pomm 0400.

11111. 11 11111101 11111111 rum
00101101 501.

11111. 1011. 1101. 11 11111001 101111·
dem 0011011010101 0400.
11111. 011011111101.1111011. Eum

10111010 Neapoli 4101.
0011110070.
11111111011 1 10111110 tenerorum
101111 71111041 mu.
(1. 1.) 1111. 0111010111.)
Itomae 0470.

101110οι 0111111100 0111011100. Pmm ⁸⁶²²¹¹¹¹⁸⁶ ‘mm'- 40111111·

110011 10110001 10110100011111110111

0111011111 0411.

10111ὢο11 11111011101011 Febr. eet.

111111. 11101101. 0111011000·

’1011111101ιο 111011οὴ11010 1100-
111101111 111111111111 0111111. 4054.
1111111111111 110011011111111111111-
'ewa' 11111111101011, 0111011110

1100101011 1111111111111011 71110011-
'uum et 111111111011 mutuum

10110101141211 11. 4120.

111111111. 00111· 4071.

1111111111) 101111011111111001 0111-

101 5007.

Procurator 101100111 111οΙ111 tta·

4307. (00 0011111011 111111110ηο
commentum 10110 1111001011 per-
tinere uidetur.)

101ὲέῧὲ 'gunterium 1111 1101111110

00111111 (10111111 sumtu) 0101404101

wimannus) 1004.
1111101 etv.

1111101011 00011111101001 0111111 1011111110101011110100111447100.

011101 4100.
1011. 1101010101. 2⁸55.

q. 011 (11111111 11111111) Rem tete.
q. 111 (11111111 1110111.) 141. 4017.

 

