0 01111111, 1, md.

0 1111111333.

0 11111111 3000.

0 1111111101 dica 11111, 1. 033 11407.

0 111111113740.

0 1111114353. 7331.

0 0111111111 4373.

01 1111114034.

0.1 curam 111111 3733. 0737. 0753111.

0.1 111111 armorum 1305.

0.1.1.11 111111111111 Aug. 14111111·
111111 4000. 4137.

0 .1 . 10 1111111 1111111 1111111111 040.

013 01111111111114110.

010 011111 3030.

0131 01111101 1445.

0133. 0133. ii Cacsar. 011111 notter

11111111.
0111131) 01111 angunt· 11111 Mc·
1111111111 1703.
01113 caiator 3433.
0110 111111111 1303.
0111, 011111 01111111111111111111111.
01110 011111111105.
01110 campidoctor 3400.
01111 11111111113515.
canati 011111111113333.
01110 11111111113750.
010, carii capitatia (iiiviri 11111111.
013 011111111111. 111. ii, 1. 333.
013 Carnuntum 3333.
013 01111111 1030.
013. 0130 carcerariur 0701.

. 0100. 73 1111111 1111111 Trcraro·

rum 030.
0. it 111111 1111 3030.
uit. 11 111111 1111 marano 3050.
0. 3.11.0 coniugi 1111 maritae 11111

0014073.

00 0111 duo 1033111.

0.0 1111111 01111111 3033.

0.0 colica. centonariorum 4134.

00 1111111111040. 3103. 3343.

0.0. 0. cum 1111111111111111111 4405.

0. 0. 0. 11111 convocari cogi 0007.

00011111111111 040. 3457. 0353.

0.0.0.100.10011111110111111
01111 Aug. Lugudunum 104. 3335.
0031. 0033. 7300.

0000 quadringenarius 3357.

0.0.11.11. 1111111111. municipii
11111111111 0133.

0 . C· N circa Caaironoraui 3000.

0. 0. 3511111111111111 Romanorum 334.

0. 0. 0 .0 ciariarimi 1111034. 3731 cat.

00.00 o 1 3335437411.

0.0 1111111 0111111 000.

ἢ

xm. NOTAE.

0011111) 1111111 dedicarit 1033.
0 . 0 . ii 1111111 1111111111· maia

3043.

0310 1111113310.

0311 centuria 430.

caris. 100 (1111111)11111141111111111-
dic 3044.

curti 1111111111 30 111.

03107 11111111 main.

030 cirir 31111111 473.

033 01111111 111. ii. 1. 333.

033311 0111111111 3004.

0331111111 530. 3357. 0443.

0.0 0111 ditur, 1111111111.

00 11111111111 irmina 140. m 043
3103. 0000111.

0.0.0.01 1003.

0. 3 .0 1 1034.

030 111111434.

0303 111111 477 111.

0.Ι 111111111111 iuvenis 73. 033. 1037.
3701. 3153. 4011. 4014.

0.1 1111111 11111 3133.

0.Ι. itQ coionia iniia 1111111111 Μ.

0.1.0.0 ciariarimua 11111111 patrm
11111111 7010.

c. i. P · 0. ii. ti 1111111 iuiia Paterna
0111111 101111 liiartiur 4041. 7353.

0.1.0.1 111111111111 01111111114131.

c.i.i>.1i.at 1111111111110111111101111
11111111 3430.

0.1 Gaii 11111111, 1111111 moin.

01. 11111111111111111111.

01 11111111111111.

0101111111, 0111111 (riri, iegioaar.
triburi 1111111.

01 0111111111 3044.

011 Claudia tribur 11111111.

011 0111111111 3374.

011. 0313 Claudia coion 501.

0110 Claudia 1111113300.

01101) n a 1815.

01100 01111111113373. 0403.

01 . 031 0111111 011111 5300.

01 . 3 ciariacima 1111111 007.

0111·Ἰ o 1 0055.

01. 33 1111111 3111111111 3003.

01. 1111 0111111111 maiori 3371.

01 . 03 1111111 praetoria 3071 111.

01 . 03. ai. 111. 1113 clarata 11111. att·
11111111, 3111111111135033507111.

01 . 03. 310 1111111 11111. 311111111-
tium 350311 portior.

01 . 0 ciaricaimua 1113707 111.

010 Clustumina, Crustumina 1111111
1740 11 purtim.

0 .11 ctritaa Mattiacorum 4077. 5055.

0 .11 . F ciariasimra 1111111111 iamin·
4531 1111111111.

0110 ciarirrimaa 1111111111 1111 Mt.

 

