Nom. 615

11111 111. K. ’111 6111161 1166161161 1611·
11111 6151. 6166.
m, 116616166161516.
3⁰¹⁰, 11106 6166661616611161.
11106 6161611161 6611161.
m 1110606 proconsul 6611161.
11106 . 1. V procurator 661161 611161-
666 6566.
· 11166. 1.6.1 „menum 111111
16666166 111611 1060.
i 111011 616616616611116.
'¹⁸⁸ 1666 6166611161. 1116111.
11106 61611161166. 1661 111.
111116116161616111601.
Μ 111016161111611666. 6537.
' · 11106 616116111 6611161.
111011 61616111616566. 6566. 6176.
111. 1 6166111 6116611 7176.
111.1111 praefectus 11161 1166.
111011 61616661 6656.
111.1611 6116161 6111611661 5115.
11111 6116161611 616 666111 (16116)
1661. 1617.
111.111 praefectus prnetorlo 6611161.
111.111 616 61111616 (1661661116.
111. P. V 611116116 611 116661 166661·
111111111161) 1770. 1760. 6166161.
m„ P. 11 . Q 6666161 66611661 0611111661
6160111.
m. 111.6 616111616 5661.
111. 61611 6111161 111161616 5666.
111 . 61610611. 116 6111161 116111
1611166 1161666111661 111.

616 11166 presbyter 161. 1, 6. 517.

111. 6611 . 6011 6111161 11611661 666-
Ι111. 1616113111.
nun P.S 6166611161 616. 6715. 7016161.

1.6 616116116 6111116 1071. 6161. 5016.

1.6.0.0 6161116166661616111666
1011 1.661111666.

1. 61. 6 6116611 161 1161166661 16·
111· 11111666.

1.6.1 6116611 161 661611 7060.
,6.11 616111616 111 6661116616001.
§.s 1 1 1611611.

6.Τ 661111 6657.
V 611111111116161 1116611161.
V 616 116611 (6611661 1116116116·
161111) 1660. 6157. 6566111.
‚ P. V 616. 6161, 611 11111 16 11111111 1111-
161111 5661. 5566 161.
1, 1.1666666616666 65.
⁴· P.V. 661161 utriusque 6566.
0⁰⁹ 1161161. 6661111, 66611161 6611111.
1.1.11.1.11.0(1666116661166166-
nu. 6611 11661161 0611111661 6665.

P.V.1) 611 116661 0111161 (1111111) 5565.

1. 1.1111.111.1 pugnarum 1661161, 16-
611 611166 6561.

166.
166.
1.

P
P
P
P
P

 

