76 6. IMPERATORES ET IMPERATORVM Pomm. ¹

1155 6111. 11111- -15515 L. 151.
61151 ,151. 5551. 5111. 1115. 551.
ΙΙ. 151. 115. 5. (1.166) 6766.
5151. 5111. 1115 551. ΙΙ. 151. ΙῙ. 55.
(1 16316116415164.

, 1115155151 5551 1511. 1115 511.
ΙΤΙΙ, 1155. ΙΙ. 151. ΙΙ. 515111. (1.
164) 673. 3666.

115115. 61115. 1511.1Ι161151ιι 5.
61. 1155. 16. 151. ΙΙ. 611. ΙΙΙ. 515-
151(1. 166) 6476. 7665.

1155. 6111. Ι.. 151. 61151151 11-
511511151 ogo-Porum.. pontifex
1115. 551. 61111. 1515. V. 151. ΙΙΙ.
ιι. ιι. (1. 166) 875.

Natalis 1161. - 111 555511 55511611·
1515111156 Ι.. 6115 15111 1115515
1. 16 5463.

1511111 6111.

1511111151. 674. 67715.

Ceionio 61551151.. 6111 151515466.

Imp· 0511. 655555651155.

1155. 6111. Ι.. 15111151 Commodus
Aug. 6155151151 6111516151 3367.
151111111151 6567.

1.. 111151 15111151 Aug. 1655155611
151. (1. 177) 666.

1155. 61111.. 151. (1555156516566.

1155. Ι.. 151. 6151. 3574.

15151. 6. 611151676.

11115. 6111. 11. 05555651151551551
Aug. 615161111 Germ. 6115161111.

Ιιιι5. 6111. 11. 115111515515516151
ιιι. rem 1111.

1515. 6111. 11. Aur. 6555565115-

1551551615161111 Aug. 3716. -

Imp. Coeo. 51. 151. 655115165115-
· 1551551151. 6151 5. 5. 4616.
1515. 6111. 11. 151. 6515515651155.
1978 ιιι.
1155. 51. 151. Gomon. 151. 61516161
151. 664. 6753.
11115. 6111. 11. 151. 651515. 151. 515-
151. 66315.
1515, M. Aur. 651151. 1151516151
’ 61111 4647.
1155. 51. 151. 655115. Aug. 3466.
11. 1151. 6511115.1151.436.
1515.(15151156511515515511516377.

1155. 15511115111551551 6151 61111
151. 5465.

151511. 151. 6515155651155. 1457.

15565511156511556151611116714.

1515. Commodo· 151. 664 6765.

(6551556511151 5763.

Κόμμοδος ἀνὴρ βασιλικῶιοτος
dommac τῆς οἰκουμένης 5465.

111151 Commodus 6176. 6457. 6344·

mm. c· ‘mm Ιωρο eflu- ιι m·
161611111611611115161111666

61115111 65151551 66615.

1515. Coos. 51. 15111151 ........ 11-
1151551 151. 6151 Sem.. 61111.
15111551615155115155511111.ιὴ
551. 6ΙΙΙΙ. 1155. 61. 151. ΙΙΙΙ. M.
(1. 164) 5676.

11115. 6111. M. (1551515651 Anto-om
151. 6151611-6-1-[51. 61119111.
mox. 1115. 55161111. 151. 1111. 5. ι.
(1. 18415467.

1155. 6111. Μ. 151. 655115. Αιιι. 6151
61111 Aug 6115111 1111111551 1111-
115511115551.1511. 1115. 55111.
1155. 6Τ11. 151. 6. 5. 5. 61116.
Antonini 611 61. 6111611515.11111
11161115( 51511. [1111111115161115111
15515. 6111611111 16515515551·
115115515551551111111111115515111-
11511116615466.

1115.(1111.16.111.-615161111Α-ιι-1-
61115. -61151 11111. 1115. 511. 11.
1515. 6111. 151. 6. ιι. ιι. (1. 166)

1155. 6111. 11111 111111 15155151 611
61151511116111511111) m. 11111611
515.111.-Ι.611151151111516511
155651 Augustus 6115116151 611-
151511511511155166115111151 55-11.
1511. 1115. 551 Χ6ΙΙΙ. 1155. 6111.
151. 6ΤΙ. 5 5 (1. 1661667.

1155. 61111.. 1111151516515151
6511111.Ρ.6.11111.1151. 611.
Germ· 11111 511115151111. 11111.
11651. 141511 65511. 15111151. 5551.
ono—3. 11. 5. 716111. 1155. 6111. 151.
6ΤΙ. 5. 5. (1.1621665

1511155 1555565151. 5466.

6111511161111115111 11 Somnum 3574.

Crispina Commod! Aug. 11. 666.
6. Aug. 54661 5111111511

C. Fulvius 61. 6551......Β1511111
615111511115 ...... 61111151 11111·
15516515511511. ...... 611151651-
511151 61515151 ,11511151 6111515
151. ΙΙ - 51111 1111151111 155. oo·
111 15ι5. 6111.(151515561151. 5486.

Imp. coeo. P. 11115151 61115151. 155.

6. 1111115161111511 51111111515166.

11115. 6111.6.11.6.1151.5. ιι ιιοιιι.
5111.1115.551.151.11111631665

Ιιιι5. 6111.- -.1.51 151. ΙΙ. 5551. 1511
1115. 551. 5. 5. 511511511151151
151111111551 65111 51551551 111151511
51151151 (1. 1631666.

1515. (1.111 P. 11111151611115115115-
115111511515. ιι. 151,ΙΙ (1.1631

 

