ΧΠ. NOTABILIA vrum.

(1111111 11111111111151 1511.
1. oum 5111511111115601.
1. 11111111111111111111111 6753.
61111111 111111 1177.
6111161 1313. 6613. 5511. 6661.
61111611 1233. 1231.
Croromrgrnr 1061.
6111111 11111 11111111 11111111 111611
oum 1111111, 1111111. 1517.
crustulum 2516. 5211.
Cubiculum 11111111. 1536. 7350. 7361.
6111111322. 2006. 6601. 7061.
611111 2537. 253611. 2510. 6151.
1111112637. 1550. 5060.
Curru 1111111111 2566.
curlo 511111111 August. 6111111161·
1111117166.
cortou· monumentorum 1366. 1366.
61111611 11111111 11111111111 36.
61111611 2510.
1111111111 luteorum 5126.
Doro 6111111111 6111111111 1111111111 1566.
1617. 7316.
1111111111 7336.
01511111 11111111111162.
01116111 7353 111.
0111111111) 111116176.
norror 7337.
01111111 111111 6111112501.
1111111111 2576. 2660. 2662 3 11. 111 111111
1111511111.
61115111, 611611 2505.
611111 3001.
01115111 5111 111 1111 1511111161111111

1111111111 3666. 3666.
1111111111 1111111111. 151111. 1132 1657.
61111111 7355.
0111111611 1611111116111111233. 1231.
6. 5111111111117650.
1111111611 1111111111, 1. 1116111111·
11111.
0111111111 1111111161 (1) 57.
1111111, 61111 13731130. 1506.
11111 6111111 5336.
111117012.
6111111 1166.
511111111 1715. 7351.
1111611111111 6116.
6. 11111111 11101.
6. 11111111111120. 7321.
, 6111112117.
1111111111 7321.
11111111 2117.
1111161111 7321.
0151111111 2616.
6111111111 aerariorum, 1111116611,
11111, 11111116 111. foetor: 131.
775. 1666. 2531. 2625. 3703. 3111.

616111111111111. 11611611. 111.

3715. 3722. 3710. 6656. 6606.
3027. 3010. 3610. 3061. 1001.
1020. 1056. 1075. 1100. 6060.
7101. 7103. 7115. 7116. 7126.
7115. 7171. 7172. 7173. 7160.
011111 11 1111111611 1111111111111111
11111111 111111 1111111111111, quot
. 1111111111111 61111112676.
doru 1116111 1111111 111112602.
0111111111151111 11111 111111 1361.
6. m. 11 11111 1111111111371.1360.
1111111161 1636.
6111111161 1561.
01111111611 101.
Domus 1111111 71. 1525-1526. 1611.

6131617111111111 115 11111 61611111

6. 1111111111 1516 111.
011111111111111 2350. 5331. 6310111.

6. 111. 01111111 2167. 6353.

6. 6111111111 5731.
011111111111111111. 1376. 1572. 7102111.
1111111111 1161. 7356.

661111 11111111502057062. 7135111.

615111111111111 11111111 1111116111
111151111 3310.

6111111111 6111111111111111121. · .

6115111111 11111 5605.

6111111111 6505.

6111111 3122.

1. 16111111 11111511111117311.
6115111611111111111111 1572.
61161111 2620.

61111611 3301.

1111111111 3276.

611111511111 1516.

Epulum 61. 3611. 5156116116111111.

111111113665.

1. duplum 3710.

1. 1111111111 3617.

1. 1111111511 6111111 7176.

11 111111 1111 1 11111111151111111111

mouumentum 1111111 moi 66.
Equorum 1111112503. 1322.

1111111111111 2503.

11111 1111111 1111111 7121.
6111111111 5130.

6111116155.
611111116111.

11111 1111111 11 111611111111110.

61 in 1111 rotulorum 1111111111 quid 11111·
11111623-26.

6111111 = 1111111762.

61111111751.

6116117216.

orm! 1765.

611112520.

6111011111 1111117337.

61111111 3166.

 

