6 11. Guounarmca

1111111111, 111. 90. 1111111111 5096.
1111111119, 111. 111. 1095. 11111111 5191.
111111111115196. 6519. 1111111111 99.

11111 169 sp. 11111111 11111111 106. 5177.

11111111 750. 5679. 6919. 1111111111 990. 969. 911. 959. 976.
1. 1111116917. 106. 5069.
1. 1111116919. 111111111111 999. 5916.

11111111, 11111111111 5969. 1. 1111111969. 6117.

Arna 91. 111. 111 911111 11111111 amaru· 1111-
1111111905005. 111111. 909. - 111111111 9661 es.

1111111111 57111. 91111111.

’ Arrago 5910. 11111111 6119.

1111111111 9517. 6599. 1161111111 9776.

11111111 9100. 9719. Augusta 997.
1. 1111111100. 1. 9111111111111 75. 9905. 5106.

111111111 516. 1. 9511111111 191.’

111111 6096. 1911111111 5996.

1191111111, mur - 6661. 1. Taurinorum 5196. 11111 11111111

1111111. 1111111. Τ. 71.

1111111199. 1. 1111111111810. 9779.

11111111965. 5909. 1. 7111111095.

. 91111111111111 17) 5909. Via Auguur 61111111 1909. 9910.

1111111111 1699. 111111. 9111111. 199·

1111111 6565. 9111111111.111111111151111911111111

111111111119190. 9590. 9510. 9616. 9795. 6065. 6999.

111111119769. 7159. 7160.

1111 199, 579. 750. 796. 1191. 1195. 1111111111.(111111111111110.
9976. 9955. 9761.9099.’9151. 9966. 1111111111111111111111191116110.
9191, 9651. 9659. 9666. 9670. 9933. v. Augustinorum 6591.

6996. 6996. 6961. 5966. 5651. 5590. 111111111111 1111 156.
5599. 6007. 6617. 6151. 6170. 6199. Vra 11111111 9979. 9969. 9760. 5109.
6500. 6509. 6501. 6701. 6991. 6919. 1. 1. 1111 9907. 6501.

. v. 1. 11111 1511.

1111111111 99.1 1950. 1791. 6197. 11111111111111111111111111,1111111111-

111111111 9010. 5997.

111111167991. 1111111111,1111111 - 9765.

1111 166. 11111111 9195.’

1111111 5916. 1111111111, mur 1909.

111. 1111111111 9799. Auximum 9969. 9999. 9900.

111111177. 99919571. 5919. 6199. 6997. 111111111111. 599.

11111111 156. 779. Babylonius 9959.

1111111111 111111111111 1699 91111111 5119. 5155. 5679.

auum 151. 909. 9155. 9911. 9179. 0111111115910. 5990·
9507. 9769. 19695919. 5119. 5199. 9111111 96. 9759. 9179. 9956. 9906.
5190. 5155. 5511. 6767. 6991. cf. 9519. 9570. 9517 111. 1076. 5199.
Hispani. 5995. 6161. 6197. 6591. 69991 os.

11111111111111111 5919. Hispania.

1111111111111111111 151. 9111115901. 6599

11111111 196. 6507. 91111111 75. 5106. 5109.

11111111 5699. 91111 199.

11111111 711. 6111111111011111111111161111111111169.

1111111 (1165. 91111111 1111111799.

111111 9997. 5591. 1111111111 169.

11111111 9110. 5116. 5115. 91111111 5195.

1111111 6199. 1111111111 595. 5991.

1. 11111 511. 9111111111 11101111 11 91111111 159111.

1111111161979. Barbaricum 6960. Δ

11111111 190. 110. 9995. 9799. 6069. 91111111, 111.911111111011111111111111
1965. 5167. 5195. Pla 9197.

1. 1101116996. Barcinonensis 1090.

11111011 111111 9091. 5969. Bastarnae 750.

 

