11 . m. uss. 1111. 1111111111 ussus„
51555855 ⁶⁰27. ω. 0138. 0⁸5·

11. 5111111111111 11111.
11. 111ι1111 Μ 11.
11. 11111110 1091.
11. 1111111111551.
11. 11111111511. 1518. 'lm
11. 111111 11111111 5589.
11. 1111111 11111111 111111 munus.
101111.
1111111111 5005. w- 1115. 1009.
1010. 1011. 5115. 5551.
11. 1111111111 1555. 5105.
11.·111111. 1111. 1551.
11. 1151151111 111111115915.
11. 111115751.
1111111111111 11. 111111 11111111 1551·
11. 111111555. 1155· 11). 1111. 5151.
5955 = 1195. 1119.
11. 111111 111111111111111111111 1555.
11.1.1.5 11111111 1111111 1111111
11111111 (111111111 11111111 1111111
1111 111111) 5511.
11111111 1900.
1111111 1555.
1111111111 subus· 509811.
1111111111801.
11111111 11111 5815.
11111111 5011.
1111111111.1111111.111.515.18155810.
11. 1111111111. 5511 11. u. 1. 5153.
11. 11111111 1101.
11. 11111111 1111111111 5051.
11. 11111 151511.
1111111111 1510.“
1111111111, 1. 1115.
11111111. 1. 011111.
11111111111 1101.
unu 110. 1551. 1515. 1518. 1515.
1580. 1155. 111155011. 1117.
1515. 5055. 1100. 11111515.
11. 111. 5185.
1111 111111 1111111111111111111111111
11111111,11111 - 5551. 111. 5.
11111 1111. esur. 11111. 1815·
1. 11111551. 15851158. 5510.
1. [1111. 1581. 5155.
l. Portunus 188511.
1111111111 111. 5015.
111111. 1. 111111 111111 111111.
1111111110511 1. 8111111.
11111, pso 111111. 1511.
11111 1111111 5185.
1111111111 11 1111158551.
115111111111111. 111111111111111111111
19¹2· m·
11511111 511111 1111115515.
1111111111, 5111 - 5015.
11111111. 1111111111.
1011 1559.
1111 1811. 1815. 1855. 5055. 55051508.
5515. 1515. 1555. 1155. 5115. 5115.

fl

11111. 151. 1811. 1855. 1855.
111111 111111 1580.

Ι. 111. 1918. 5555.

1. 1111111 185511.

1. 111111111 1111111111 1881.

1. 1111111111.

1. 1111111515. 1881.
1111115111 1881.

1. 1111111111 1815. 1811.

1. 1111111111. 5555. 1558.

Ι. 011111115555.

1. 01111 - 1581.

1. 5111 5510.

1. 1111111819.

11111115011. 5155. 5551. 5551.
811111 111111 sssis) 5019.

1. usuum 1181· 185111. 515111.
l. 1111115151 1815.

1. 1111111 5855.

5111111 Ι. 1111111 5851

1. 111. 1111 ss 1111111811.
1111 111511 111111111 1881.

1111 511. 155. 1115. 1115. 1115.
151111. 1595. 11151100. 5015.
1151. 51511. 11111115. - 111111
11. 111111. 111. 11, ρ. 580.

1. 115111 1188.

1. Asgess 118911.

111111111150.

1. 111111111 1151.

1. 1111111505. 515511. 1. 011111.

1. 1111111 1511.

1. 51111115119.

Ι. 11111,1. 11111.

1. 1111111111 1191. 119511.

1111111 811. 1151. 15553155511.
1191. 1198. 5118. 1555.

Ι. usses· Rs!- 111511111. 11. 111111.

1. 1111111111111 1595.

1. 111111111111111 1515.

1. Pssulcls 5111111 1500·

1. plausus 1581·

111111111111111111111111111150111.

1. Populos· 5550. 5151. 5105.

1. 111111111111111 11111111 pusn-
1111111 1105.

1. 1111151 1505.·

1, 0111111501. 1505·11. 1. 51111.

1. 1111111 55. 555. 951. 911. 1015.
1515. 1515. 1571. 1150. 1501. 1515.
5185. 5115. 5515. 5511. 1511. 1515.
5111. 5511. 5115. 5511. 55551511.

l. uegsus Pupulous 1505.

1. 111111515.

Ι. 1111111 111111 111111 55551.

11111111 5111111 1501.

l. 511. B. (1111 1111111 111111 111111)
1508. 1505. 5151. 1011.

 

