9 1. NOMINA.

11616116116 11616 16111111111116611-Ι 1111 9771. 9779. 9773. 3997.
1111116611111111 . 91169780.
. qul 119766. 9779. 4719. 5097. 6111111166 1111111111 declarat 61111111

0 819 6959. 6951
11111 11 9767. 9768. 11611116 1111111166 9778 1111.
161 114450. ci. 1111161191. 969. 1111111116111661166161166116111119119746.
qul 1611111 9779. neutrius 11111111 6093.
qui 161911119769. 6949. 9611611111 9759. 9769. 9761 1111.

ii. GEOGRAPHICA.

1, 9111116116, 9111111 1111111111 1154.
91111894.1166.1157.1618.1646.8040. 111611616 911. 91. 11. 1111116.
8979. 0007- 6063· 6017· 5766. 5905. 11119661 911. 91. 11. 111196. 1111. 91611.
11111 111111 534. 636. 1169. 8184. 9111611. 11. 11616. 911. imit. 81111.
3764. 5958. 5196. Ani. 11961. 9489. 9496. 6445.
11. 11111111769. 11111911 Antoniorum 16116117963.
11111 1111111 9. 11111 94. 5089.
111111161111111111 1991. 6994. 111111 Q. 1111111 111111 91. 11 8111116111
11111 11. 1111161 Aug. 3691. 5088. 6858.
11111 11111 4. ἱ5. 949. 6183. Bibliotheca (111111 9111111140.
81111 Urbi 59. 9984Ι 9985. 811111 11 1111916 011111119858. 6978.
11111749. 8114111. 6183. 811111 11111111 Apollinis 6807.
111111 811161118114. 4195. 5985. 111111 1111619611 41. 6806.
866161111196. 1369. 11111161 011111116971. 6979.
91111 11. 11. (in 8111116116) 5088. 5198. 81611111 8111166611161 9617.
161110. 11. 5088. 6858. 11111111 911. 111111. 11. 111. 88111.
16111 1161616116111 16 9111116 6057. 8111919616. 169111111111111 9939. 9911,
6958. 4849. 5118. 6445. 6858. 7419.
1). 11111911961111. 11. Aug. 81161 ,1111111 9685. 9934. 9985.
111111111 11 91111116 1111. 91. 61. (ζ.1111111.1,111,ω,1111,1111,
111111 ln loro 9611116609) 18. 811111 peregrim 9.
911161111111161111111611 31. 1111111111 91. 4309. 4476. 5979.
11111911 6477. 1111 11 1111611 equilum singularium
11111911 11 111111 1111111611 6656. 11. lo 11 1111111611.
8116161 590. 81116111 5089.
1111111616 11 8111111116 5088. 5407. circu, 1111111111, pam-m 1,, 111111ο 31,
9111111 1111111111 4046. 1959.
9111 86191161 111111111661 4947. mmmm pamm i„ gau. 11113,
Agger 1 116116111 9595. 811111 111191 8.
Aquae: linio 6611 54. 8111111111 11111611 4183.
961611111 8908. 811111 0611161111911. capr. 111161.
1111111 589. 86116161 1111111111 39.
811611154. 9900. Comitium 1111. 91. 16. 1111116.
8111111 118111111151. 55. 56. 8611119611 4991.
1111111159. 63. 57- 1. 111111616 7986.
9161116159. 81111 8111111 911. 91. 61. 111.
11111 9111611 Molli· 0665. 9111111111 5089.
111111143. 5997. 1661 11161 91166161116169.
'virgo 708. 8819. 1111616114. 65. 56.
11111 1611111611 9551. 8611161111.
111111 161111787. 5088. 16111166158.
11111661114994. 5098. 8111111661 1645.
01111 11 8111111 1111661611116911. 9116111161. 8187.
81111. 91111. 11961. 16111111 913.
91111 Aug. 16 1116116 1111116 911. 911111166616978.
imit. 61. 16116 911. 91. 11. 116. holitorium 9118111. 11. Aug.
91111116. 16 8111116116 5088. (9111116616) 1116.
1111 11111111 16 regione 11111911 6661· 1116111111 4114.
8111111 5066. 11111161 93.

ἱ

 

