111 x. 1111111111111, 1111111, 1111111.

01111011 io coiloqiio: 1119110111111·
401111111111 1111. 1111.
1111111 0085.
01111111111111111111 (1) Pompeiis 7101.
0. 11111111 1111. 11111111. Minnioni
&Zozfiogii 111110111 11111111 nomos

0. 111 1111. 1111. 011111111111117100.

0. quinio 111111111 1111.1111.111.11
eonion· Mediolani 1700.

0. 111 11 1111111111111111111111101-
11110117.

0. 111111111 11111111 rubrum 11111·
ninii 0111111111 707.

0. 111 11111111 1111111 oignon. 01111

0. 1111111111 0111117100.

01111111 1-1111 11111111 0111111 0111·
11111 0500.

0111111111 01111111 quinino 11 111-
1101111111 1111. 1111. 11 centon.
iiuiioiooi 1700.

0111111111 geruli 1111111 070. 070.
0100. 7100.

0111111111 1111111111 1111 poeonii
0111111 0110.

011111 11111111 1111. 11111. 0111110000.

01111111 11111 11111110111111000111-
11110111111 11111 111111111111111111
11ιο1111111 11 101110111111 111111-
11111 ortior 0100.

Toron uoiiogiii Pompoit'o 7101.

--——

Honora 11110111 coiiooiooum:

01111 1011110111 7100.
111. 11111 collegii mugni 111111 11
1111111111 0111111111οο Antonini
Pii 1111111 Augurii 1111111111 0000.
00111111 collegii (111011) 11111111 1070.
111111111 8111111 Arimini 770. 0000.
0101111 iuvenum Tiburtinorum 0005
11 1111111 rodolium Tusculi 0000.
01011111 11111. 0111. 1111111111 Bomoi

11111111 11111111111111111 7111110101.
rumorum Antinoum 0005.
11. officio 11111 minora.
mulnarius 0110111111. 11110055.
1111. iiio. 0005.
01111111111111111 11 iniorpoioiiono 11111

0111ῗέ1ῗίὲῶ11111111 0111111 11111111 Pu·

suffio! 11111111 nomo· 1111.
0111111 1111111111σί 7100.

moi· 7181.
Rom 0000.

toruior 1111111 110. 0007.
11 11111111 111111 primur 1111111
111111 Romae 7010.

1. 1111. 011111 0057. 7011. 7010.

1. 11111111 unni, 1111111111 111-
111 0111 111111111 1111 1111111111·

1. 1111111ι1111101111111117070.

1. 1111. 0111111111 11 Hygino iio-

‘nroo 0017. “

1. conlegii miriensis 110. 7100.

1101111111111 1111111 0111111111
1111111111 7100.

1. 11 11111111 1111. 1111. 111111.
(011111 0111111111) 0701.

1. 11. 111 1111. 1111. 11111111-
111111 011111011. 0110111. 0107.

1. 11111111111111111. 1111. 11111·
111. 1111 cii. coion. C. Δ. F.
11101111111111 1700.

o. 11111111 011111. 1111111111111·
11111 0070.

1. 1111 1111101111111111 imaginum
011111 Aug. 011111 700.

1. 11111111 11111 1111111 011111

e· 11111111 01111111 0000.

1. 11111 11111111 Amorion 22¹1:
0000 30100.

1. 11111111111111 0111110100.

1. 11111 Tusculi 7150.

1. 11 111111111 Lotum 111111101-
1111. nomo 0010.

1. corp. 1111111111111. 0111111-
rium 1580·

1. 111 111111111111111111111111-
111111. 0111111. 7100.

1. 1111 11111101111111111 111111111.
111111. 7105.

1. 11 111111111111111111111. 11-
111111. Luguduni iu 1111111111·
1111110111 0077.

1. 1111011011 1111011111011111

1. 11111111 8111111 Romi 0007.
1. wolffg„ 01111110111111111111111
1111111111111110. 1005.
1. »ociorum 011111 7070. ·
11111111 11111111111111111. 11111111.
unguo. 11 011111111111111111
11111117007.
011111111111 gerulorum 0111117100.
0111111111 11111111 luno· 0000.
1111111 0700. 0057. 0517. 0070.
0070. 0071. 7180. 7100. 7000.
1111. centonariorum 110. 0000.
1111. 1111. 0050.
11 111111 XV 011111 0001.
1111. 111111. &mi 0000.

 

