xm. Nom. 17

118111111111111. 0. 8. Ρ.7.1. 8.1..11 11111 111111
11111111115111. (1111 111111111111)11111111
111811 111111111111111111.1111111111. 1111. 1473.
818788 1111111111 3134. 0. 8 ,8 11 111 1110111111 088.
mvn 0111111111 3311· 3410· 0. 8. 8 111111111111111111588 3781.
8.111111111115111111111 8783. 3850. 8583. 8813. 70387031.
0111111 111111 34881111 1111111111 8.·71111111111401.

7131. 117 111111 180.
P· Ι. 87. 811111111111111111111111 7171111111 11115

3801 111. 0.7.1.8.1).1) 81111111 11111111111
1811111111) 11111 111111 11111 1111111151111111111111117137.

3833. 077. 1111111111 103οτ- 1535.
0.11.81111111115111111111 1111111 1,.11 1 11111111111111111151111.
1). 11. 7. 8 1111 11115111111111111 1111 1115 3119. 3824001

0157111· 078 111111111,11111111111 3481.
0. 8111111111 111111 1111111. 3131151
11. N 11. 81111111 numini 1111111111· 5115555555,5551555511155151,

que otu· 107 111· 111. 111. 1. c? 1111.

0. 17. 11. 01111111 numini 1111111111 5 v v, A 5,)11155551515555.

11010011· 111 111111 1101111 111111111111
00 11111111 1111 1158. 7100·

00 00011000 0037· 811111111.111111111111 8553.

1101· 0000001101 7000 00· 81. 00 88 1111111 8111111 3781.
0111111111 1101111 4001. 3711),
108111111111,11111111111141185 1„ ³55³

1) Ρ 011111111110173·111 1111. 11.

01 ..pomus 1¹⁰⁰ 0011-111....11.1111.1111.

B· 710 S 01 0111 117101010000·8118 111111111111111111118701.

Ι). 101. Do. 11 1111101117 0017111110817 E Μο, Ι) s, p 15555555 de m ρο,
0.11.110111111111 1101111787111 ΕΜΕΒΜὲῗῃξῖῆἛῖἒὲἔ) 0791

1). P· 000 0000101 ⁵¹¹⁸ 00· 000000· 8. 11. 71111111111111111111174. 3888.
M. S. 0. 11 1111111 111 11111118 8553. 5055. 0030.

1314. 811 . 7 eminentissimus 111 3100111.
0·0·0·Τ·Ῑ·7 0000· EN. 111111111111 111. 11, 1. 383.
1188011111,111811111111111111111 NP Epffl.. ⁶21³.

000· M 1111 1151111 1703.

M 010 100010 0500· 0500· 80 equos, 11111110, 11111111 1111111.
Μ 00100103 011· nom 11111111 1111111 8111111111
0. 8. 81111111111301. 1383. 4010111. 2211 ‚
1181111 11111101 11111111111855111. 80. Ι 11111111 11111111 3403 111.
1182ῐέ030111111111811111111503 8011811718 1111111111 1111111111 111
1111871111111111111111· 801111111011111111111.
11133. 80. 811111 81111111 1111111.

8.8. 11811 111 11111 3338111. 80. R. 8. P 11111 81111111 equo
0.8.8.81111111111111111111111 1151111 1708 111.

80. 8180111111111111111487. 3585111.

084οἕξ111181111111111111811110505111 0 qumuonlbuu 11111 1111113

1). 811. 0· 11 01001111001710· 81070011111511113808
0. 81) 01101 0100011 1500· 8. S. C. 8. 0 1 11111111111101111·
1). 8. P. 0 11111111111111111111 mudum eumn 1111,

104. 880 81111111111111113811.

D. 8 P· EX 0· 0οθ 171 0007010 ⁰¹ 8. 8 8111111111111111111111115580.
decreto decurionum 3879. ESS 1111111111 3588.

0. 8. 880711111111111111038. 55555555555551555

0811111 1111111111111111111101 1711111111111111111.

0. 8. P. 8 11111111111111101111 8.7.1..11.11111111115111 111111
1831. 1111111351.

 

