IX. Rus MVNICIPALIS.

0011111 1111111111 1111113880·
011111 0100.
0111111111115857. ·
110111111111111 00781 11. 111111
mutu.

811111 3807. 3070.
71111111 100011.
1111. 111111117000.
71011108.
Venafri 3007. 0501.
1101111 0703.
7111111100. 0080.
, , 1. 1111. 0800.
1· ww ⁴² *15111* ”W Augustulus 11111111 01111111 0018.
mmmm· Cupuue 1111111111 000811.
uxum 11111 vul· 1129· 1071 tf· 1111111111 111111 11 (111. 11111111. Tu
· 01110051·
1111111 1111111 3710. ,1111111101111 111111 111111111011111
1- 11111· 1111. 1111. 1111.
t· 1. 0101111110 5103· 1. 11111 0111011 5770. 0000.
111. 111. 5085. 0111011111 5000.
111. 111111111 10001000. 0010. 1, 011, Petaliae 1111.
101· 1101111111) 3901- 811111 1111111111 v. 7080.
01110111 1570· 5105· 81111 Augustalium 8101113701.
111111Μὶ0008. 1. inu. 7105.
1111111011 5¹0⁸· 81111 1111111111 11 11111111 111111.
01111111 0000. 11111111. 003111.
1. Aug. 111 1111 111111111117007.
111. 111111. 1 0010.
1101111111. 0100.
1111111111 111111 011110111 11·
11111 1111111 010811.
mua uum.t
1111111111 5001.
111. 1111101111111111111 000.
Arimini 1080. 0110. 0001.
1110100 1781.
11111111 070. 073. 0703 070.
5000. 0017.

Brundisii 0500.
1111111111 Caeritum 3787.
01111111 100. 5150.
0111011 0080.

0111111 0000 = 0080.
capuae 7000· 7107.
1111111111 111. 11111. 0075.
0111111 (1111111111) 0001.
0111110101 0018.
cumis 0000.

Eburi 7105.

01111111 7000.

Herculum( 010. 3705.

Lanuuii 0700.

Luceriae 0080.

0111101111 0077.

0111111 0111.

Neapoli 0051.

1111111 3001.

1111111 0000. 3813.

1111117110.

01111111 7001.

Nucerino 11 8110111 0083εο008.

011111 0005. 7011.

1111111011· 0001.

1111111111. 3078. 3000.

uisu, 11111 111111 11111111111-
01111111 1110001.

1111111111 0000.

0111111111 0003.

01111111 087. 0757. 0051. 5000.
0031. 7003.

1111011 5508.

1110111 130 = 0808.

81111111 5770. 0010. 0008.

suomi 1081. 7010.

111011111181111111111111111501.

111. 0111111 5080.

011111111111 0703.

1111111111 Vina. 0050.

Auximi 3000.

0111111111 5807.

8111111111 0107.

1111017111.

1111111101111. 1080. 0050.

011111 0070 11.

cumanae 0080.

0111011 8101111107.

Dauo 1058.

umam 0000.

1111110111 70071.

raum. 111. 3055.

Ferentini 7108.

Foro 1110111 5000.

Foro Popuu 0000.

0110111 770. 1308.

omo« 001.

1111111111 0000.

umorum 11111. 080.

111111 1111111111 000.

unco 11111111 0000.

1111111111 100. 005. 11111111.
0077. 0000. 0000. 5101.
5001. 7050. 7000.

sumu 01111. 7000.

 

