iio vil. RES PVBLICA noiinnonvni.

roi. 1111111111 6511.
1. 1. 111. Pompeianorum 1171.
111 1. 1111111111111) 65.
1. 1. 111111. 110. 5185.

111111111 111111. 5167.
1. 1. 81111111115185.
111 1. Bergomeiiurn deine 11 1111.

1111111 3818.

Boriiiir 110.

111 1. 8111111111111 3701.
111 1. 8111111111 118.
111 1. Ceiemenrium 6571. 6906.
111 1. 111. 81111101117101.
1111. 13111111. 1111111 imp. 111-

111111 3818.

111 1. 111111111113631.
111111111111. 1111111111.
111 1. Forodrueniinorum 80.
1. n· 1111111111011111 117οε 3868.
1. 1. 181111111111111 ‘ii 1570.
1. 1.1111111111111111111111111 1357.

6517.
111 1. 1111111111111 1037.

1111111111 1111 Augustinorum 6511.

Ligurum Corneiienorum 5187.

111 1. 11111. 1183 = 3105.

111 1. 1111111111111116771.

111 1. 1111111111113300.

1. 1. 1111111111113131.

1. 1. 1111111111. 11 1111111. 10³1:

r. 1. Pieriinorum deins 1 menimis

11111111111111111. 11 ..... 11·
111111 Aug. fiiio 1171.
111 11111101111111 5810.
r. 1111111. 1111111116517.
11111111 Romuieneium 111111111111
1. 1. 811111111111110.
811111111111 5111.
8111110111 5111.
1. 1. 8111111111111 501.
1. 1. Teginnenrium 1533.
1. 1. 11111111. 5171.
splendidissimae r. 1. Thimideneinm
Regiorum 518.

111. 1111. 11111 11 11111. 81111111
111111111111. 3101.

1. 1. Trebanorum 1101.

(municipii Treiemium) 1111111 imp.
Antonino 111. 3811.

1. 1. (1111111111) 1111.

1. 111111111111111 85.

. 1111111111113111.

1111111111 complurium 3108.
rerum 11111111111 3101.

111 111111111111111111111 non 1111111,
111111111111111. 1111111111111111-
iniis 11111111

8111111 1110111111 3316.

1111111111) 1583.

111111111111 5136.

(Caeritum) 3787.

Criemeneium 5715.

r. 1. (811110115501.

1. 1. (Geniis) 117.
Nepesinorum 5136.

r. 1. 111111111310311.

111. 11111111111115136.

1. 1. huiusce 1111111(8111111) 1110.
1. 1. 11111111111111317.

1. 1. (111111111111111) 8880.
1111110111111 5136.

r. 1. (111111111111111)5183.
1. 1. (1111111111 Piceni) 7086.

1311111111 populum 111. 11111111 11

11111111 111111111116131.
(8111111111111111111 aliosque 11111-

11111 1111111111 11 imperatorium

11111 1. in 11111 municipalibus.)

Legati 111 proniore 111111111111111

1. 1111111111111111111.11.1111111111.
Leg. 1111111. 1111. 8111111111 811.

111. 171. 175. 1170. 1338. 3103.
3101. 3586. 5151. 5111. 5158. 5180.
5511. 5861. 6616. onio. 6716.
iog. 81111111111111. 1111. 1111111·
nire 5117.
ieg. 11. 11. 1111. Cres. 1111111 111-
111111 111. 1111. 8111111111 5151.

111. Aug. 11. 11. 11111111118111111·

11116011.

ieg· 11111. 111. 5180.

ieg. 1111. Antonini 1111. 1111111111
Hedrieni 111 11. 1111. 611111.

111111 11. provinciarum 81111111,
8111111111, Ponti, 11111111, Pe·
1111111111, 1111111111, 1111111111
minoris 6813.

Leg. 111. 11111. 1111. 0111111111801.

3151. 5171. 5131. 51311 111 oddo.-

Leg. 111 1111111 Augurii 1111. 811-

11111 Augurii (11111111) 1385, ee
[11111111

ieg· Divi Cieudii in liiyrico 3118,
quamuis 11111111 licent, 1111111111-
1111 11. 11.1111111111 111 [nerii.

Log. nug. 11. 11. 11111111118111111111

1111111111 505. 811. 1170. 1767.
3117. 5011. 5158. 5501. 8500. 8801.

Leg. 111. 11111111. 8111111111 1111·

111111181. 311. 5501. 6051.
1111111 imp. 8111. 11111111 111. Pii

111 11. 8111111111 superioris 11

exercitus in 11 1111111116501.
legetur 1111111111 1111. Germ· 1111.

 

