11. GnosiiiAPfflcu

311111111 3011 (11. 3370. 3015. Volsinienses 03.
· 31111111111173.70. 1103. 3111111115157.
31111113111115311. 5310. 5509. 311311111111111 197.
311111 37. 117. 0177. 0700· 3039. 311111115033.
3090. 3553. 3711. 3750. 1003. 01011111117053. ,
1091. 1179. 5113. 5091. 3170. Urbissisienses 1370. 5103.
111. 1111111 V. Gniiionisnn 1011. 111111 1110111 31111131111111 1. 1111111·
3111111111 1011. 3907. ium.
3111111110101. Urvinum 3711.
3111111 7101. [111111111111111111111 999.
3111111 1033. 5177. 11111111, 111. 1111111111. 3113.
31111111111. vicus - 733. [ilios 37901.
311101111 303. 111111. 111. 1111111111 1113111111111.
31111111 5110. 5315.
31111111 3331. 111. [1111111113531.

3111111111195. lu: 11111.11Ι. - 3030.

3111111111 7115. - 311111111 5133.
Ugernum 5010. 5030. 311111115530.
11111111 5030. 3131101111 501111.
Ugia 5010. 1111111111 3393.

311 3111111 7100. 33111115079.

Ad 111111111115010. 0111111111 gens 153.
3111111111 5370. nnus 5013.

3111111 5150.

V¹⁰0²¹¹¹¹ ³¹¹⁰· ³2¹⁹· 111111. noros. nauso. consess
3111111 31111115170. ‘
311111 115. 153. 3070. 5301. 111111 101111110333.

ossius 3111111111 0730. Fundus 111111111111351.

3111111111 liis. Albisnus
Viminacium. noi. 11111 - loidi, 1. 11. insssnusnus 31111111
3113111111133. 3939. 11111111 0331.

311311111 5113; 11. 3939. 33531. 11111111 ς
3113111111 111111 l) 3530, 1111111111
31131111111111 111111 137 = 5005. 1111111111 moion nl minor 5331.
31131111 111113101. 1111111111
31111111115007. 51103. 1111111111
visionum 5030. 1111111111
Viromanduos 3950. 1111111111
Virunum 3300. Aviiiisnus

111, 3111311 3. 3501. 3309. 111111111111111111111

31111111113017. 5071. 3111 1111111111
311111111111 gens 153. 311311311111111113331.

311111111 5131. 1111111111 3331.
Viturii 3101. 31111 31131111113373.
1111111111 11111111. Fundus 31111111 ’
111111,1111.000. 311111111111 V
111311111111 sionni 131· 311111111 3331.
11110111 101. 1001031910. 3111111 ς
1111111111 100. 3111111 3111311111
Umbris 1100. 1131. 0170. 0035. 0351. Fundus 3111111111111331.
3171. 3175. 3173. 3177. 33133351. 311111111110331.
3333. 5130. 111111111111. 311111111111 3331.
quindecim 1111111 1111101111 93· 3111111111 ’
,31011111111 501. 311111111
Vocis, 31111111, Voclannionum 11111 31111111111
5037. 311111111111
Vocontii 0330. 37051005. 5001. 5000. clodionns 3331.
5003. 5001. 5913. 3000. 3111111111
3111111 3530. 3111 3111111111.

311111111 5131. 111311 31111111

311111 533. 5313. 311111111

 

