154 IX. RES MVNICIPALIS.

0111111111111111111111111111111119779.
0191111 11111111 1111111 Cremonae 9849.
1111111 111 Ameriae 9715.
9111119445. 9714.
1. 111. 994711.
Summe 1111111111 9549111.
1111111111(11.1111111) Terperle 7198.
1111111111911111111111119111110919.
Peragit pro 111111 debile ,1111111
9141.
ingenui nonorell 1111119719.
Mallem honorelee (1111111111111191
1111111191 9995.

m

1. 11111111, duumuiri, (1111111111111
11111191 (liviri. 1. a.)

Abellae 9990. 9749.

14111111 9880.

eol. ,1111111111 509.

,111111 1. 71111111 915.
,111111 1995. 9971.
Alexandriae l’roael. 5970.
111111 7159.

,1111111111 9999.

Antiochino Pie· 9157. 7999.
,1111111111 4099.

,1191111111 745.

111. Apul. 9995.

equis 8111111 4099.

Areae 5975.

,11111497 op.

Arimini 9999. 9999. 5199. 9009.
Arianae 9158.

Arnae 5995.

Arretii 9199.

Areae? 9877.

111111 9997.

Atinae 9991.

dundenae 9915.

,11111111 Bopienn. 9909.
1111111 7049.

9111111119999. 9994. 4997. 4011.
Bononiae 9909.

Brixiae 9875. 5959.
91111115994. 5995. 5999. 7050.
911111111 9799.

mun. Flevi! Cenemeneie 9989.
capuae 999929999. 5157. 7041.
911111111 5994.

9111111 7049.

,111. 91111111115999.

9119111 9919.

9111111111 9784.

91111 9999.

9111111 4414.

Cularone 9919. 4091. 4099.
911111 1857 ep.

9111411 9998.

Dianae 9819.

1141111111 4099.

Eburi 7115.

Eporediae 9989.

Faleriis 9914.

Florentiae 999.

Foro lulienei 9914. 9499.

Foro Sempronii 4999.

9111111, o. Viennae.

Hadriae 149.

111. Helveticae 944. 491.

Herculanei 9988.

Hippone repio 74901.

111111119999.

Hispelli 9170. 9155.

1111111111 9570.

11119949.

1111111797. 9997.

1111111111199.Ι .

111111 91111111 Ι9998.

1111111111111497. 1994.

9111111111111 olen.

mun. Latobicorum 5991.

Lunae 799.

9711111199. 179.

Malacae 7491.

Maneuae 9190.

Marruuii 9759.

1111111111 4094.

Minturnis 9811. 9149. 7919.

1111119919.

111. Morinorum 5911.

11111111 4099. 4099. 5999.

Neapoli 9159.

1111119919. 9955. 4099.

Novioduni (111. 111. 19111111.) 908.
911. 917. 4099.

Ν1111111 111. 7191.

1. p. 01111111 199.

011111 5994.

11 uico 0111111 9979.

0111111 1949 ep·

0111119904. {llo- 4109. 9449.
7911. 717 .

111. 111111111111111111 0111191

111. 91111 1111115900.

1111111111.

Perusiae 9591. 9707. 4099.

Philippie 9749.

Pisis 949. 949.

Pisauri 81. 4999.

9111111111 9905.

Palae 9379. 9999. 7191.

Pompeiis 9199. 9419, 9495. 9549.
9999. 9999. 9497. 9700. 9809.
9910. 9999. 9994. 40514948.
5199. 6971. 9979. 9979. 7051.
7059. 7098. 7079. 70881.
7997. 11111. 1111. 1. d. 9977.
111111. 1. Ι. el. 7197. 11111
l. 1. quinquiens 9895.

 

