ΙΙ. 880011118Ηο1.

munte. 0111111111 8080.
Cernenttiinm 6818.

01111111111111 1010. 8058. 80885100.
Centnrgisceneet, 111111 801.
011111111 5156.

0111101111 6711.
01111111 180.

C. 111111115118.

01111111 6018.

Cerfennia 711.

01111111 806111.

011111 10111111) 5810.

0111111 5810.

01111111 usgue 6661.

1111111 Cetientinrn 5866.

Caturiges, 111111 5817.

Chalcidenses 6708.

0011111111 5181.

001111111111 (provincie), quaeest 11111
Borysthenem 750.

0101111 5881.

010111 687.

0111111185. 6188.

01111 800· 8501. 6888.

01111011 5800.
01111111 5810.

Cimbri 518.
711 01111111, Ciminii 888. 8806. 8181.
Cingulum 86.

0111111111 5518.
01111111 5810.
01111111111 5118.
01111116811.

011101 3671.
011115818. 67881.

111111111111 1111111111 1111111111711-

1111101111 5817.

Cirtenses 5818. 5816. 8501.

0111111 550.

0011 1878 sn.

Citientinm 1111111 5801.

Cisnum s. 0111111 5810.

01111111 11111 666.

Cissiidium 5117.

0111111111 5810.

711 0111111 itti. Pr. m. 111. 6511.

7. 0111111111. 10111111 1111111

numen 0111111111 etit.

7. 0111111 Aug. 18111111 811111

flumen 0111111111 5100.
7. 0111111 11111 5181.
7. 0111111 7111111 101111111111111
Aterni 711.
0111111111 1111115808. 8688.
0111111 mont 8181.
011111111 8781.
711 011111888. 8118. 8806. 8181. 6501.
0111111111 111111111, conetitum 858.
Ciutium 8508.
0111111 5178.

01111111, 111. 1111115886.

0111111111 888.

011111 1. 0111111 5810.

0111111 168 sn.

0111011111 111118181.

01110111111111 681 sp.

Combusis 5810.

0111111111 6587. 6708. 6857. 18581.
0111111111 8108.

Comum 5006.

011111118888. 5517.
0111111111. 111. 1088.

11111 0111111111 6758.

0111111111111 6185.

011111111 6850.
0116111111 5888.

0111111111 11111111 11711111 5181.
Consttntinonoiis 1188. 8180.
0111111 11111808.

Corduba 5810.
011811111118685. 8688. 5888. 8885.
0111111111 8158.
01111111 568.
011111111111 5851.
Vis 01111111 8807. 6581.
Cornus 5188.
0111111111 5186.
Cortice 558.
Corsi 158 tn.
0111111 1181.
01111111 8808.
0111111 s. 0111111871.
0111. municipium 5188.
011111 11111 588.
01111111 1765· 8788. 8888. 8750.

Cremonenses 8818. 6188.

01111 8118. 8658. 8658. 8151. 8788.

Cretensium commune 5878.
01011111111 186.

Cugerni 5118. 6786.
Cuieuium 67881.

0111101111 5886. 5788.
011111 1015.
011111111111 1058.
011111 8868. 8188. 6168.

1111111 111111 5158.

Cumtni 180.

01111 11111111116888.

cuprenses 1887.

0111111111 1111111111 88. 88.
01111 5508.

01111 81011. 107. 5585. 5888.
0111011 (0111011), 1111111 711111 580.
0111110111 1881.

0111111 5810.

01111111 1111111 6810.
cyme 687.

Cyprus 8108. 8188. 6887.

111110. 5111.

Cyrenis 8858. 6766. 8818.

 

