666 ’ 666. nris 6666666666.

6661116116666 6611166166 1666 expeditione 66666661166 5656.
6611666166 16661146616661111.
Aug. xxii. primis. 5656.
666. 66161666166166666 66366. 61661166 66366.
666. 6661. 611. 6616.
666. equiturn 6166666666 566. praei. 566.
eq. 616616616666666 6766. 6666666 6766.
16611166116
666. 166. 1111. 3565.
ieg. vii. 6161. 5676.
166. 111. 1116666. 656636656. 1616. 356636656.
ieg. xvi. 5657.
666616 vexillariorum 7636.

6. 6666666.

(11. 61666666166 6666. praei. 6666. 6666.
Aug. 6166666616611) 6666.

ei. 6611666166 666. 3661. 3663. f
ci. 6666666166 6666.
i ι. 6. 6. mi 6616. .

Gi. 661166 3566 66. praei. 3566 66.
’ praei. 6366. 3566. 6616. 5766.
66666661. 6616. 6665.
ci. 61166666616 6. 161666611666 3666. 6101666666 6670,

³⁶1³· 36Ἠῖ ³⁶2⁰· ⁶⁸78· 6666666666 6611666116616 6671. 6676.
er. quie err 1166616656· inermen. 6666. 6665. aere. 6666·
1666616616 6116. 3566. 3565. 3566. 3616. 5666. 6676. 6676.

3616. 3617. 3616. 3666. 3666. 6636. 6666661666 3663· 3666. 6671. 6676.

36656636. 36366665. 6676. 6673. 6. 6666166666666 3666.

6676. 6676. 6666. 66666666. 6663. 1661166 6666 16166666616 61 6666661616
6116. pie vindex 5766. 6661166 6676.
666616616611666611666 pie 6166666671. 66616616 6617. 3613. 6667.

6616. 616 vindex Gordiane 5766 = princepe 3663.” 6675.
3566. 6666666616 6661661666166 6616616611666
cf. 6666166666666. 6611616 6676.
66661166166 6666.
rs. praeterea 6111616 6166616616.

ei. 61666166 3661. 3666. 6666. 66661. 3661. 3666.
Gi. Pannonio· 3661. 66661. 3661.
Fieri· Pannonier 6666. 1616666611. 6666.
ei. Reverere 1336. 3666.· 3636. 6666. -
6661. praei. 3166. 5536. 6666.
1666616616 1166. 6166. 3566. 36163616. 66666661. 1336. 6663. 3616. 3666. 5635.
361566. 3616. 366666. 3637. 3666. praei. 66611. omn. 6666 ep.

66661. 666. 3661.
16166666666 3663.

6666. 16166666666 3615 ep.
66661. 66166161666 lire. 6671. 3566. 666666666 ibri.
66661. 11661666 pie vindex lierennir princepe 166.

5536. 6535. 66616616 3616.
ef. 666666· .
66661. 6666.
16166666666 3666.

cr. syme· 6666. em
6

7661116116 6166616 pr ..... 6666· praeponitur 6663.

 

