111 ’ vm. 1001000101.

11011110 9797.
110191111101 0331.
1110101 1111001 1011.
1111911101 1911.

11010110 9905.
101. 911 111. 3479 (1). 0305. 0930. 11011101347911).
1100011101 0990.

001. 9111 110. 349910. 11010110 349910.

101. 91110. 0797. 9991.

0. 00101111 0001110111.

001.1 10 7957. 11010110 7957.
001. 1119749
001. 9911 1354.
001. 1. 1101001. 5407. 5499. 5149. 09571.
101. 1 111 (111) 1101001. 5430.
101. 111101001. 5407.
101. 1111101001. 0709. 1110110 equitum 0709.
1111101001. 11111111101001 equ}-
1111 0707.
001. 111. 111. . . 5490. 01111. 5490.
001. 1. 10101101 0709. 01111. 0709.
001. 1. 100111001οω 1357. 5455. 01111. 1357.
101. 111. 111111. 100111001οω 5419.
101. 1. 1001110010109110110010 5419.
101. 1. 1100111001. 11111101 1911.
001. Asturum 4909. 11010110 ,4909
001. 1. 11101001 0519. . 111100010519.
101. 1991101010 903. 3941. 0709. 5455. 01111. 909. 9941. 3709.
101. 111. 111101. eq. 1. 9. 9911· 01111. 9911.·
101. 9. 91101010 154. 999. maffia
101. .. Actutum 01111111 3479. mmo: Ἠ·
101. 1. 11101010 11 (1111111010οι 5401.
101. 11. 11101001 11911111101001 5499.
001. Aug. 1. 099· 01111. 093·
001. 1. 9111110100 5903. 01111. 5903. 5079.
(911111101001) 5449. 5455. 5079.
coh. 1. 9111101001 1755. 3400. 5455. 01111. 1755. 3400.
001. 1. 9111. 0750. 011100111010750.
001. 11. 111111 1111101001 0957.
001. 11. 9110111010 0755. puer. 0755.
001. 1. 91. 1. 4979.
001. 11. 9111111000111001010141910. .
coffi. 91ι51ἕ511101011100100130555443. 01111. 3055. 0505.

001. 9. 911111101. 50173 0959. 01111. 501750959
001. 1. 9110101010190.4979(11. 01111. 190.
9110001010 10011. e. 9. 3051. 01111. 9051.
101. 11. Breucorum 0513. 0794. 01111. 0794.
101. 111. 9110101. 0997. 01111. 0997.
101. 9. 9110101. 5499. 0137. 01111. 0137.
101. 91. 9110101. 0990. 01111. 0990.
101. 911. Breucorum 5430.

911. 9110101. cirrum 901010. 01111. 0739.

10011111 0739.

 

