iii

1111111ιὶ111 1111·

emereri 7111.

11111111111 111.

1111111111] nntium iibeeniinm 1111111111
1111111 11111111111111 nerieeieern·
11111 5117.

11111111, e. 11111111.

1111111111 1511.

11111111111 111111111 1111.

111111111511. 1111.

1111111111 1115. .

1111111111 111111111111. 1115. 1115.

11111111 5111.

1111111111 1111.

11111111 1111111111 1111.

11111111 3111.

1. 1111111111111 11 1111111111111111111
rein 7111.
4111111 11 mergeeiieeie 11 111 mn

Aurifex 117. 1711.

1. 1111111 111 1111.
1. 11111111 1715.

Annine 1711.

1111111111 1111. 1111. ieie iim n. eoi-

1. 1111111111 11111111151711.
1111111111. 1111111111.
intumentia· 1111111111111 1151.
11111111 1111.

111111 111.
1111111111 1101.
1111111111111 1151.
1111111111 1151.

1 1111111111 1115.

1111111111111 1111.

ef. osiiein puiiiee 11111111.
uenientium 11111111111151.
snpra 1111111 1111.

11111111 eiiii.
Cebeionee de 111 11111 1155.
(11111111 iiiii: 1111.

1. 1111111 111 1151.
1111(111111111111 1111111) 1111.
1111111111111 1311.

Ceiieniie 1111 1111111111 111111 (11111111

11111111111111 1157,
111111 imegineriue 1115.’
111111111111 1151.
(1111111111 1111. 1711ς es. 11111111.
Centenius 7111.
11111111111 11 1111111111 5111.

emmennone, 111 11111111111 111111

1111111111 1171.
11111 1111111 . 11111 1111.
(11111111111 iiiii.
Cerinriue 1151.
(11111111111 1711. iiiii).

‘X

XI. Anius iii OFFICIA Piiiviiii.

ordimini 111 1111111111 Dine Cen·
1111111111.

(1111111111, 1111111111. eniienim

(111111. eene.

Ceueidieue 311. nini·

Ceiieniue 1111. 1111. 5711. 1117. 7111.

11 mem eeiin 111111 1817.

11111 centurionum. 111. 11111.

(1111111111, e. ceiienie.

Cheriniee 1111. 1111.

111111111111111 11111111111 neni.
1111111111 1111.

(11111111 1111. iiio. (iim.)

Cieiiniue 1111. 5111. 1113.

(3111111111 1 11111 (1111111 1171.

1111111111 1111.

ciirerii 1111.

111111111 1111111111111111.

(3111111111 = 11111111111115.

1111111 ergeniieine cnei. n. 1111.

1111111111 1111111111) 1571. 1511.

1111117111.

Coeus 111. 1117. 1115. 1111. 1151.

enei 111. n. 6302: 1111111111.

11 1111111111, 111. i. 1111. iiie.
imp· Antonini 111111. 5111.
11111. 111. 111. 111111111111 1111.

(11111111 1717.

egri C. 11111 11111 1111.

11111 7111111117111.

1111111111. 7111.

Gelonion 7115.

commentariensis 111111 niuem, Aug.

1 comment. 111111111111711.

equorum, ing. 1. 1111.

(11111111 111 temporie 11111111 1115.

Comoediis 1111. 1185.

Compedegogiin 1111. 1111.

Condieeipuiue 1111.

111111111111111 7111.
11111111111111111111111111111111151711.
conductor 5711ς e. 111111 1111111111 ni-

11111.

Conieeioiee 11111 151.

11111111111111 1117.

(111111111111, 1. 11111111.

1111111111 mercis unientem&

Megisten eenquiiinniue 7111.

enutrirem, 1111111111 1171.

Cone 1111. iiiiii,

inieriniio 1111111111, 1111111111· 1111.
(1111111111 11111111111 1171.

ii 111111111111115. 1101. 1115.

(1111111111 1171.

(1111111111 1171.

(1111111111 nonin emnee 1111111111
1117111.

1. 111 1111111111, e. 1111111111.
111 11111111 eiiii

 

