ι 11. 1111111111

Ν. 511111115031. ’
1111111111110111111Ν 0110110180.
1111111101111110111311Ν.51.1011.
eof²ffirbonenneum 0808.
111 p. Narbonensi· 8181.

Ν1151111111 0307. 0803. 80333015.

Ν. decumani 873.

’0111111111 Ν11111111110513. 3170. 3017.
3355. 3350. 5158. 5180. 8018.

8153. 3151. 8188.

Ν111115010.

0111111111 08.· 5130.

Ν11Ι11111 3071.

Ν1111111 0050. 0510. 3500. 3500.
1111111 Ν1111111111 1111.
Ν1111111111 803. 1811.

Neapolis Alexandriae 8001. 8000.
Ν1111113150; v. Ν1131111.
Ν1111111111111 3731.

Ν11111111 5010.

111. Aug. Ν. 5031.

Nemausenses 108. 5007.
Nemeaeum 5038.

Ν1111111 5015. 5580.

Ν1111111 870. 5133.

Nemini 138* 3108 ep.

Ν111110073. 5051. 5155. 5888. 5088.

Ν11111111111 5003.

Ν11111110. 3101.

Ν111113311.

Ν11111111 3378. 3870.

Nicomede· 3310. 3711. 7383.

111. Ν111111311111111 1030.

Ν11οι113111111, Ν11111111111 708.
0111115010.

Ν1111 150]

Ν1111111111 353 ep. 35811.

Ν111 3855. 3075.
1111111Ν11111 3381.

ΝοΙ111 130. 3003 ep. 1003. 7303.

Ν. 11111113075.

011 Νοι1111111 008.

Note 5105. 5533.

Ν1111111 7110.

Νο1518880.

Ν11511111 3710.

Noricum 0311. 3338.

Ν. regnum 105. 0318. 3571.

Νο1111,11. provincia 708.

Noricum mediterraneum 1031. 5050.

Norici 1885. 3115. 3113. 3501. 5100.

5130. 3838.

Ν. 1131111111115058.

Ν111111111 11111 100. 03333 0303.

Ν1111111 5070. 5071.

Ν11113711.

Ν111131111, 111111. Navium -1300
11111611 1111111111 053. 051. 300. 313.

15

1111111 8111111111 308.

111. 11111 1111111111 307 308. 811.
11111 Equestres 310.

Noviomagus 5038.

Ae Ν11111 5010.

Ν1111 11111 181.
Ν1111111Ν1111111,Ν11111111101801000,
1008. 5183. 5010. 7001. 7101.

111. N. campenses 5180.

Ν111111108.” 130. 5131. 5110.

Ν11111111 8001.

Nucerini 111111 130.
Ν1111111113800. 3000. 5108.
Numidi· 018. 0351. 3870. 5015. 5310.

5500. 5583. ew.
11111111 111111111111111111 8500.

Ν111111110877. 8013.

Ν11111 3035.

0111111111 p. 133.

0111111 5010.

0111111 8011111111 1100.

0111111 5010.

Ocriculum 5010.

111 p. 011111111111113857.
0111111111 08.· 5135.

0111011111.1. [111111 ame.

0311111111 5000.

0311111 3101.

01111. 111. 111111- 5080.

011111111, 111. - 5133.

0111111, 01011111 11111-

011111 5100.

0111111111 70.

opus, opoente 3371.

0111111111 3100.

011111 3101.

0111111 (111) 5010.

0111111 001.

011111 1310111.

01111111 5170.

01111 3017. 3315. 3500.
111. 0111111113000. 7103. 7000.
111 p. 011111111 7113.

111. 01111111115775.
111111 011111111 8880.
01011111, 01111111 1087. 5775. 3700.

011 0111111110570. 1570.

0111111 (011111), 111. 1111111 1111111·
1111115038. 8301.

01111111, 1. 01111111.

01111 11111 0007.

Regno Pedem 70.

0131115100.

011111113100.

01111111,111.1·“11111- 3078.

810. 5100.

111. 011111111111 8115.
01111111 13011.
11 0111115010.
0111111111 5010.

 

