vn. RES PVBLICA ROMANORVM.

01101101 7010.
01101 010101 5301.

1010101οὦ014 0010001 11 11101011 111-

Tribus.

’11100360511011100110001 111001 110011111

001101

711001 11 01101 1110101. quaa 1100110-
11101 0110111010 1111011751.

’111001 (11100110111010 111101101011110-
11001. 1011101 3000.

’111001 1110011101 1010011 ,1001101011

’111001 1110011101 1101010011001113003.
Τ1101ὲ14 201111101 101001 August. 1100111

71100301311111011010. 100101001. 1100111

” 1010. 110101010 3001.
’1110ὲό9οι0100οι 1010. 1011101, 1101011

’1110οὦ 98601011οι 1010. 10101111. 1100111

71100180101101 100101010, 1100111710.

71100111 111001011011111. 0001110110.

11100 0011011011. 1101011 3005.

111001 011111011 10100111 110101001

1111011010. 1100111 3001.

1110010111110111010. 10010111, 1101011

3005.

111001 00010111, 0111100100.

8011. 0010. 100. 1101011 300010.
Τ1100111 111001101111100. Lilybaei 3710.
110011100111. 1101011 3107.
1201001000. tribua 1110. 3001.

1110. 01111. 0101.

1011100101110. 801. 3007.

1111111111. 1110. 801. 3000.

1001010011110. 011. 1000. 3005.

110101010 1110. 011. 3001.
0101011111010011110111011110.8013007.
,10111101111001011111011, 0111101 0100.
10000011 01100100 1110. 001. 1010. 101·

011. 3000.

10110001111 111 centuriarum 1110. 801.
101010111011 000010 1101 10100-
111 11111111, 110011130οῚ.

1111000011 1001101 10 101111001 1010.
101. 1110. 8010110113007.

1201110111 1101101001 1110. 001. conf
100101. 300010.

0110111101 111101 11 11110111111011111-
0011001 111001 011111011 10100111
110101010 1111011001, 0001113001.

111101 111001 011111011 1010. 1100011.

.- 0001110101.

1111111. 1110. Claud. 300010.

111111110. 80101. 300010.
'frabus ingenua 0000.

71100111011101010 3105.
011111010005. 3013. 0103.
1110011101 11101.
plerumque 0111· 1011111111 1101110111111111·
00100111101011111 0105.

011101 1110010010110101 0105.

711001 111 101000110010011 0000001111
001110 5000.

011001 0001100 0111111 1010101 11010107.

111 11100001 municipiorum, 101001010111,
01011011 3103.

Tribus 01011101 1111110101 0100111001,
10100111, 1100011001 000101 awa.

—...-

Nomina 1110110111 sz

11101110. 1101011001 1007.
0001111 7135.
00000501
Vibone 3703.
Animas, 11111001111 01010115070.
1111101 7150.
01101101 00. 710. 3035. 5100070711). Ι

Caesaraugustae 5737.

Capuan 1111011) 105.

0110101111 0775.

010110111 0000.

00101111 0137.

Foro 10111 3100.

1111 0010.

1011101000 0030.

01101010111 5150.

1101011 3500. 3153.

’110011 101710.

1111111111 3370.

Arniensis, 1101101 5170.

Carthagine 00. 7010.

010111 3503.

1110010011 0700.

0101001110 000.

101. 0011. (1010011530.

Η1110011 1050.

101101 5171.

Τ1111 3053.

Camilia. 10001111 11101100. 70. 3070.

5100. 5107 (1).

011101101. 1000.

Ι 00111 7131.

111110011 3700.

Romae 0010.

8011110007. 3030.

010011 1000. 0005. 0001.
111. 3075.)

01011010, 101. 011100. 3001.
00111111 3000.
0101111111 0000. 0010.
Cremonae 3000. 1500.
01110011 1000.

010111 775.

 

