m. 111. 11111111111111111111. 11

811111111111 1788. 8870. 8871. 111 1111111111118185.
Concilium 8111111 litorumque 1888. 8111 retornus 8110. 8111.
Concordia 1111. Pr. ru. 8111. 85. 88. 8111 1111111118118.
1811. 1818. 8131. 813811. 8118. 811111111111008.1888.1801. dii Au·
1388. 1881. 5783. gusti 1338. 18081 1. Augurino 11111.
811111. 18111. 1111118111. 3881. 11111 Fidius, 1. 8111811111.
c. Augurtoruru 1111. 8111. 11. 1111111 nour iuigmror 1810
Antonini ,11111111111111111181111111 11111 11111111111111111, 1. 1181111111-
11111111 1. 1. 11 1111. 8111. i. 111111. 1111111 deur.
71111111111111811111181111111111· 8111 invictus, 1. 11111111.
rimi 1. 1. 5815. Dour muguur 3588 = 5788. 8811.
8. Agrigentinorum 151. 8. 11. 111111118111.
81111111111581. Dour 1111111 1381. 1188. 8533. dii
811111111111 8111111111 111111111- 111111 1511·
tinorum (i) 5818. 8111 111111118188.
8. 11111111 gruiiirriorum 1111111111· 8111 111 111 morimur 8111.
rum 1087. 11111 111 111111111111111111111111 111
8111111111, dii- 8118. 5883. 8875.
Consentium deorum 8188. 8111 11111111115788.
8111111118111111 8111111111 8181. [teus 8111111111 (i) 7118. 7117.
811111 1111. 8111. ru. Aug. 8111 8111118111 188511.
Coro 8381. 8111111111 1688. 8888.
8111111111, 1111111 - 1850. 8111111, 811111111888.
8111111 dour 198t3 1. 11111. 811111
8111111 11111 185111. 8111111111. 1. 381. 1188. 1818.
Cupido 1888. 7888. 1157. 5781. 8588. 7308. 1111111111
8. inferorum, 1. Venus. 1181111111. vot. ii, 1. 381.
1811111, 111 - 1858. 8111111111. 11111. 8111. 11. 111. 1878.
81111111,1.1111. 1387. 1337. 1113. 1118. 1157.·
811111111885. 17859 8188. 8173. 8111. 8188.
8111115818. 8180. 8511. 8788. 3781. 1157.
8111118337. 8353. 5581. 5811. 8888. 8118. 8388.
8111111111 (= 1111111111) 1117. 8115. 8731. 8811.
81111111. dou - 1815. 811111811118081.
81111 1808. 11. 111 virgo umbrorum turrinorum
8. 11115813. 111111,11111111 domitrix 1117.
8111111 1871. 5880, 81111111, r. iinoiru.
81111111 1851. 8. 1111111157·
811,11111111111585.1580 15871588. 8. Auguria 88. 1188. 5785. 8881.
8111181111 11811111 8381. 8. Aug. 11111111115318.
811 81111111. r· 811111111. 8. ius. 11111111111118.
811 81111111, 1. 81111111. li. 1111111111115.1188.1811111111.
811 811 881. 1188. 1788. 8885. 8878. 8111111111, 1, 1111111111 (i) 1188.
5051. 8. 111111111111 8378.
luno 81118111 8878. 8871. 8. 8111118808--3538
81111, 1. 81111. 8. 8111111 1818.
811 obsequens 1751. 11111118. 111111111111111 itio·
811 1111111111 808. 111 8. 1111111 111111 5708.
811811111111888. . 8. 8111115708.
81181111 18181817. 1818. 5881. 5883. 8. 8111. 1158 (molo).
8111111111 1788. 8870. 8871. 8, 11111111 1151.
8111111 1887. 8111115880. 8.11111111111158.’
Demeter, 1. 81111. 8. 11111111111155.7818
81111111 1111 1771. 8. 1. 11111 115111.
811111111 1111111111 iio. 8. 1, 1111111 1158·
Sive deur 1111 dor 881. 1788. 8138. 8. unitioni? -118 1158.
8870. 8871. 5051. 8. 1111111111 8880.
1. ri. 1. 11. 11111111 111111 1111111111 8. 1111117888.
1111111 1111788. 8870. 8. 8111115718.
111 d. 1111 d. 8137. 8. 1111111111. 3313.
111 1. 111 d. 5858. 8. 1111111 itio:

 

