vir. itus PVBLICA ROMANORVM.

4101111 48. 550. 550. 55310801433.
0377. 0700. 3807. 4305. 5178.
6453. 6506. 6704. -111175310,

4101111 0010111 541. 540. 545. 554.
560. 0074. 3113. 3108. 3138. 3130.
3440. 3058. 5440. 5478. 5470.
0000. 6050. 6450. 6485. 6010.

116. 101. ii 530.

4101111 011011 500. 077. 0053. 3141.
4371. 4608. 0484. 6488. 0400.
4161111 (piebis) 11111111 077. 3143.
3140. 3303. 3650. 0407. 6745.

Edictum 1101111 48.

4161111110 permisso in monumento eor-

pus 1011111 111114355.
4101111101 1010111 3140.

Τ11011111011011111. 01.) 543. 544. 588.
674. 603. 700. 703. 773. 8001170.
1178. 0058. 0073. 0367. 0360.
0700. 3044. 3100. 31003144. 3145.
317310. 3174. 3177. 3380. 3560.
3661. 3807. 3865. 4010. 4050. 5150.
5170. 5100. 5000. 5350. 5358. 5388.
5406. 5431. 5430. 5450. 5458. 5480.
5488. 0010. 0010. 6040. 6051. 0450.
6451. 0450. 04501. 6483. 6401.
6403. 6405. 6400. 0501. 0504. 6766.
6011. 6015. 6086. 7400. 74001.

11. 01. 01113011013673. 5450.

11. 01, 1100101101 133. 0370. 0750.
3851. 5448. 5500. 6014. 6048
6408. 6500. 0500.

11οΙ.611130110111001611014033153.

11. 01. 1100161101 01111111 00773.

1100. Diri 1116111οΙ 3180,

tr. 01. 0111101, 10 utroque 1100011
1106161101 Diri Traiani 403. 3170.

01001011010111111110 111000110 011·
0115448. ”

46110101 101111110001110177. 700.
708. 000. 4064. 5404, 0748.

41111101 10110 Vespasiano 01 0110
Tito inter tribunicios 1170.

1 saeratissimo 1010. 111611101403.

10 1100. 0111. 11. 401. Commodo
40100100 010 1111111 403. 3710.

10110 111300 40100100 0454.

11111101 10111 11100010101 1 Ti. 0110610
0111111403. 01110. 11010113140

(Tribunos uore't 31011001010001100·
11010010. 001110.)

0001110111 133. 145. 011. 530. 541.
540. 543. 545. 554. 556. 560. 578.
588. 500. 655. 665. 80011001187.
1188. 0151. 0306. 6046. 6100. 3138.

105

3141. 317310. 3303. 3807. 3851. ,
4371. 5350. 5358. 5306. 5430. 5477.
5480. 5768. 6450. 6453. 64636483.
6485. 6403. 6405. 6400. 0011. 0080.

Q. 6111301101 0011 0110001010 11 οο-
00111 ornnes. 301001 10 011111 aaa
1001101 111 5317.

Q. 6111301101 annorurn xxiiii 3714.

(1.11061611011130. 1131. 1104. 0084.
0351. 0354. 3040. 3044. 3151. 3150.
3100. 3183. 3184. 3185. 3650. 3780.
5170. 0401. 6481. 6500. 0503. 6510.

Q. 11061011014033. 0761. 31346007.

1100. 0111. 1111111 7111101403.
Germ. 011111 3380.

Diri Traiani 011101116006.

Diri 11161110174001.

0111 111611101 1110011011010011
1131101 0101101111 4111111 0101·
011101 Carthaginiensis 010000·
10111 011111101 6408.

1100. Cassii. 401. 0010010οΙ 40-
tonini 403. 01101111115003.

1100. 0111. 14401. Antonini 011
0111011 403. 0370.

Q. 403. 3135. 3153. 3500. 4050.
5447. 5458. 5488. 6014. 6040.

Q. 403. 11 eodem 11010011 113.
01. 01. 01111101011011114111111

Q. Augustorum 0073.

imp. Caesaris 403. 64561.

01111111 403. 00 773.

0111 403. 11 Ti. 011111113108.

Ti. Caesaris 750.

Ti. 0111. 403. 703. 300010. 7066.

Diri Vespasiani 3130. 3410. 5443.

Diri Traiani 01111111 5000.

0111 [11611101 403. 6501.

1010. 40100101403. 011 6051.

1010101170.

Q. 11101001 1004. 0058. 0074. 3148.
3140. 3050. 5084. 5000. 54355478.
5170. 5500. 5054. 0003. 00500454.
6407. 65006745. 0748. 7168.

Q. ab 1111110 315010.

46111101 1 Ti. 0110610 0111111
40301100111010110. 301 0111001
quaestor 011 1111001001 11111
01010101 praeesset aerario Sa·
turni 6456.

Q. 0101101111 4101111 5448. 0000.

4111110 1178. 0367. 0377. 0700.
0750. 3061. 5046. 5501. 6010.
00106451.

41111 0504. 6704.

Quasstura in 010110111 4111
10101016417.

 

