XI. 1111117 01118111 88111118.

111111116865.

i. 11111111117861.
111111111111 6813· (7).
11111111, 11 6816.
1111111111 8. 6815.

1111111111 6881.
1111117838.

111111111 6865.
1111111 6111111 8618.

Ι. 111111111111, 1 11111186188688.

11111111 6388.

1111111 7868.

111111111118) 611. 8111. 6386.
11111 1116111111 611111111.11.111. 8688.

1311111111. mutua 1111111 6188.
1111111111111. 11. 8658.
11111118681.

11111111111 6816.
11111111111 6887.
111111111 1161117868.

11. puerorum 611111 61111111, 1111.
11111111117863; 11. 11111111.
11111111111111111111 Caaa. 1. 3888.
111111113367. 5761.

m. 1611111111 11111111111 quinquae

(111), item 11111111 111111111116816.

11111111161111111111 1111. 8618.

cf. 1111111111. 11111111.

11111111111 1111611111· 8566.
1111118733. 5386. 6651. 7188.

611. 1 manu 8831.
111111111111111888. 1876. 6817.

11. 6111111111 7866.

margaritam 111111111 61 111 11111

16 11111111118888.

Marmorarius 8567. 3536. 6818. 6888.

m. 11111611117865.

111611111111. caesaria 111. 6111181111

11161111 366. 367. 653. 1518. 1575.
1576. 8888. 3838.” 6138. 6331.
6665. 6651. 7866.

m. 1161 1111118583.

m. iudi matutini 8553. 8556. 8583.

11. 61 111111111116885.

11111111. 8788.

m. auricularius 6887.

11. 11111111 1111111111111111118883.

11. 111111111116888.

11. 1111111111 6888. - 111111111111

11111116833. 6836.

ariis 1116111111 1161111111 primae

111111 medicorum 6886.

11. 11111111.

1116111 6838. 6831.

1111111111 1 nuria 7111111111 5881.
Α 1111111111, officialia 11111 - 11 1 61111·
11111111, Aug. 1111. 6388.

iai

1111111 1616· 3887. 6665.
m. 16111 111111111116876
1111111111 8111111111 6865.
1111111111 8388. 3367.
1111111111, qui 11111161. 6111181·
1111 111111111 (aia) 6836.
m. 111111111111 111111111 1111111 8331.
m. 1111 11111111 11 111611111111111

m. omnia 1111111 11111111111111111-
11111111 6853.
m. 111111116888.
1116611111 1116111111 8587.
11111111111111 7851.
1111111111 8631 = 6186.
111111111 111111 8631 = 6186.
mimographus 8688.
1111111 8683. 8685; 1. 11111111.
mima 8686.
111111111 8810 ap.
(71. 81111111) m. iiarmaniciauua 8886.
m. 111111 8888 (i).
111111111 8863.
1111111111111 = 111111116358.
111111111111 6158.
Ti. 111. m. 8387.
imp. 111. 111111 m. 111118818.
1111111111,1. 1111111111.
1111111 1111611111 8571.
11111111111111161111 fabricata 611111
111. 7858.
11111111 scaenicorum 6816.
11111611111 8633.
11111111 1111111111 11111111 8587 au.
muna 78661 1. 11111111.
1111 (1111111111. 1111111111) 8566.
8568. 85888583. 6175. 76181. ’
m. 1111116176.
ui. 1111111118566.
11111111 1616· 8638.
11111111111 6838.
111111111111111 6837.

1111111111 7855.
111111111111 111111116868.
111111111111 eui. iuiiaa Paiaruaa cuu-
6111 Narbonensi· 11111111 6861.
1. 11111111 11116111 78531 11. 11111111.
1111111111 7861.
11111161111111 888. 6877. 6866. 6858.
7856. 7856.
1. 11111 11111. 7887.
1. 611111115883.
1. 611111118855.
1. 1111111111 1883.
1. 1111611111 6863. 6358. 7868.
1. 1111111111 11111111116865.
11. 11111111.
Negotiantes 3316. 6885· 5768. 7857.
1. 1111111 611111 5886. 5885.
1. 1111111 11111111115678.

 

