8800. 11111111 1087111.

8800. Avo 11111111 Auguror 3185111.

8800. B evocatur 1111811111111 3173.

8.8.8 11 1111 11111111 1788.

88.1.0 11 1111 collato 5188. 8088.

8818 1111111111 3118.

88 1311178008 11 1111111110) 1111111111
o 111.

880 exceptor 1180.

8811, 880 T, 88088111111111111· Ρ

ooo! 8701.

88. 0110 11 trecenario 3157.

88 0001011. . 8.1 11 1111111111 1111
1111111 188 = 7⁸5.

88 0011. 0011 11 11111111 1111111111·
roro 3188.

88 0 11 (11111111001.

88 00 11 1111111 1111111111 818.

88.0.0. Ρ. Ρ.8.0 11 1111. 11111.
1111111 1111111111 1111111111 11111111

88 0 8 811108 11 11111111 rorum
111111 1111111 1111111. darom ooolloo

88 8111 11 1111111 1883. 11187.

8811180 11 1111111111 3583.

- 88 Ρ Ρ 11 1111111 1111111 parom.

88 Ρ 8 8 0 11 11111111 11111111 111111·
dum 11111111 3877.

88 Ρ8 11 [11111111 835. 858. 1883111.

888811 1111111111 1811.

88 Ρ. 8888. 11 1111111111 1111111111

88 Ρ Ρ 0 11 1111111111 1111111111 11111-
111 (1) 5581.

88. 88 exceptor 1111111111 3171. 8701.

88 Ρ8 11 praetorto 11111 5881.

88811 ruo 1171.’

88 8.0 11 roratur 11111111 1 111.

88. 8111 11 rigorum 3173.

11111111111 11118111.
1111 1111111 11111111 1111111111·
curiorum 7180.

888 ortorum 1188.

118 8 11 roto 1817.

88. 8. 080 11 quinquo 1111111173.

88 818 11 1111111 8888.

8 11811 3083. 1080.

8 1111111 1111 111. 11, o. 88811107.

8 11111 possim.

8 8111111, porum coniunctum oum 811,
romonum cognomen.

8 811111 1887111.

8 81111 pourton.

8 81111 8881.

8 1111111 8053.

8 [unctor 8178.

F 111111 7883.

8 8111 8800. 8808.

8111 811111 1118111 81. 383111.

xm. 110111..

810 1111111111 88.

810 . 0088 1111111111 11111111 1811.
810818111111111111 8885.

8108 [11111111 8508111.

811. 81111111 111811 possim.

8110 811111111111) 3118.

8111. 0110 11111111 1111111110 W.
8118 8111111111 1031.

8 . 0 . 1111111111 1111111. 1111111111
111111.

8.0 11111 11111111 (113. 81. 11111011.
8 . 0 . 100. Ρ 1111118111 1111111111
iidemque probaverunt 1018.

8.0.8.1.8.1.11888.

8. 0 ,811. 8. 01..811. torum 11111111
8111111111 883. 881. 008. 017.

8. 0 frumento 111111 8188.

8.οΕ . 8 . 8 .0 orreorum 1111111111
11111181 11111111 8801.

8.0.11. 111Ρ 81111 donoro! 1111111111·
1111111 885.

88011111 1108 111.

888 . 118 111111 0111111 880.

(11111. 811111 3818.)

88 11111111 00171

8. 8. 11111111111111111111111111 (111111811-

8. 8. 811111 81111 (logio) 3010. 8111
1871111.

88.1.1.. 811111 doo 8881.

888 .1.1.1. 811111 11111118. 1187.

8. 1 8111 111111 188 .·-· 785 111.

81 1111111133.

8.1,1.Ρ 81111811 11111 rugoso 111
(8111111) 3187.

810 ,8 11111111 8111111 8008.

810 1311111858.

81. 18. 11888088 1807.

8118 1111 1.

8111 1101. 8111 11111111 88.

81. 81111111, 8111111111111.

811. 81811 811111 11111 (loono) 00.

81111. 01808 111111 01111111 180.

81. . 881. 811111 11111 (11111) 3888 111.

8.1111. 88 . 880 811111 1111111111 11
peculiorum 33381

81..Ρ 111111 1111111111 8518.

81..ΡΡ n 1 portior.

8.1..Ρ11111 loco 1111111111 7008 111.

808. (11. . 811. torum 01111111 811111-
olom 888.

808008 rorum 01111111 1108.

8080 8111111111 111. 11. 11- 388.

8080011. 8111111111111 80.

8088 811111111 3110.

8088110118 8111111 horreorum 1881.

8.Ρ trumentum ooonoum 15881038.

8. Ρ.1.0. 8.8. 081..18.8.0 1111111·
1111 1111111111111111 111 X 1111111
081. 18 1111111111 1111111 8758.

 

