11. Guocmfflcn. 7

8111111881 8888.
811111 178* 177] 1755. 8881. 8108,
8588. 8878. 5855. 8818.
818188111 5888.
8188881111 5888.
8111117188.
81811818585.
81818111 888.
8111111 178. 885. 8578. 8888. 5888.
558855888518. 8588. 8888. 7888;
cl. 881118.
8111118878. 8758.
8111181181. 111181 5838.
8881188181, 111181 1888.
8111811181 181.
8181118188187. 588. 8878. 8855. 8881.
8888. 8188. 5188. 5188.
1818811 18111 cuncordia Aug. 181118.
188. 88711. 8888.
181. benaventum 1888. 8588. 8888.
181. 8181188118818818188.
1111111 8188118881 8185. 8185.
urnr 818111811818187.
8181118881 188. 18111. 1178.
818111811881 8188 8188.
1111111 8181118881 8888.
Beneventanum 8888.
11181 8881118118815888.
811181111 8888.
18881 Berenicidis 8881.
m. 8118811118881.
Bergidum 155.
Bergomum 85.
81118181111 8888.
8111111811 88818181.
81111 5888.
811818871,
811818111 8888.
81111111 1885.
181. 18111 181811118111181 518.
8111118111, gui 88118111 1881111881
81111 8588. 3558. 8888. 5888. 8857.
Bingium 5888.
81111187881.
181. 8. Lucana 1878.
Bithynii 77. 1178. 8888. 8858. 5588.
5878. uisu. 8888. 88881 1188111111.
81181881 8888.
81188111 8588. 5818. 8755.
8118111 18881118.
Bituriges 11111111 188.
81111 5185. 5588.
8111181 5135.
8181111811881 iugum 8181.
888181881118111 8787.
88181881 1118151771.
Boiodurum 5888.
881188571.
8888811888. 881. 8878. 5818.
8888811818 8888. 8881.

88118 1111 1888111 111181818181.
881811881181 5888.
8818811811 758.

’ 8811111811) 8888.

88111818111 8818.

1818811 8818818888 5878.

88111111 8885.

881111181118881. 8781.
118181888118188111118111118. 8858.

8111111 1888.

81. 1818111 885.

8111111818111818855. 5817. 5888.
8585. 8858.

1881181111 8111118188 8185.

8111111188 5858.

81111118 888.

81181818111 888.

811811 188. 8851. 5888. 5888. 8187.
8518. 8788. 8888. 8887.

8111181188 1818. 5818.

8111188. 5888.

811118811 888. 715. 888. 888. 1887.
8888. 8887. 8188. 8881. 5817. 5888.
5887. 5851. 5855. 5858. 58888818.
8887. 8888. 8888. 8858. 8888. 7888.

8111188111 11111 1888.
81118881111881 8888.

8111111 1878. iiiii. 87851 ci. 81111118.

811118811 888. 8888. 8888. 8155. 5888.
5781. 8518. 8788. 8781. 88571.

. 81. 181118818111 8887.

81. 711181118111 1887. 8787.
811111 87. 858. 1871. 8188. 8788. driu.
8805. 8888. 8888. 8888.
1111. 8111. 8888. ’
181. 1111111818111 88.
81111181 8788. 8851. 5857.
8111111181 8788.

’81818811 5830.

Brundisium 188. 5188.
8188811181 8881.

1118111181 11111 18 81111811 siin.

Bruiiii 8588. 8888; cs· 8111111.
8. 8118811811 15811.

88811111 5878.

8111181 18811.

881181181 5188.

81111181 8878.

Byzacium 8878.

Byzantium 5588.

818118111181111888. 1888.

81581118 5818.

(11511111181111 8118.

81181118111 58711 11881111118111.

818181 8885. 8887.

01811111 8858. 5888.

81181818181 88. 588 = 5858.

cientium 188111111 8181.

Caeretani 888811. 8787.
81111111 8787 . 8788 11.

 

