mmmm&

10010117111101 8383368. 3360. 3508.
1068. 5837.

Traiane 101111 3111. 3156. 3868.
1030. 5601. 5837. 0081. 7170.

11011111 1101. 1111. 1010. ³

11010111 Auguria 65. 713. 016. 1871.
333333
5310. 5331. 5150. 5156. 5681. 6011.
6718. 6769. 6771. 67081. 6871.

01101. 3111.

1111). 1030.

0110001101 838. 5837.

0111110110 000. 1. 1068.

00100110 3156. 3508. 3868. 6081. 7170.

en prneiecio 1701.
1115. 3118. 3880.
00110 000. primae 6608.

1101101016. 3388. 5310. 5150. 5163.
5681. 6501. 0718.

01110011101 6718.

01101. 6685. 6737.

1110111101. 6011.

1110. mii. 65. 8360. 8760. 3057. 3131.
3588. 3876. 5856. 5307. 6016. 7108.

011101011013651. 5156.

censurio 713. 1071. 6760. 6771. 6871.
67081.

uuio. 7108.

roborare 111111111111101111. 0100000700· ont· 111. 11011.

101. 01 signifero 5331.
0010100111101 3588. 67081.
commentariensis 67081.
commentariensis 1110001151.
110111101 7180 (i.
speculatores 1511.
50000011111001. 156.
0010111001111 156.

55. 101101 1511.

haruspex 158.

¹⁶*uiuere 33 iii
110οζ noeane. 1111. ’0101111οῘ san: 111116 611οῘ 660101. 1.
6750. 6871. 6011. 011000. 3508. 6011.
1101. Valeriana (111110013308. 301133 ἓὲἓὲ8660. 3308. 5508. 6753.

Aug. Antoniniana 5737.

Aug. 80101110111011050101 6501.
Aug. 0101105010110101001 5685.
00 nornine 051110 ci. 5310. 5681.

lugneus 8871. 0758.
legio iii 1111110171. 1178. 8871. 8750. 1110. 1178. 5188. 6158.
3368. 3360. 3571. 5188. 6158. gmina-laon.

iesnins 1300.
1115. 111101. 3113. 5508.
10010111 11111011300. 8183. 31133131. 1110. 1011. 3688 sp· 1616. 1011.
3318. 3350. 3181. 300316131780. canturio 5611. 6778.
1011. 5508. 5511. 6778. 15100101 1000010 8103 = 3005.
10001101 1780.
1100011010 3181.

iasio 111 011101018358. 8360. 3510. „nm 351⁹.

1660. 7337.
100. 111 1510. . 1 500.

80010 1111 3515. 6788.
00111101 3118.

1111100 11111. asse. 0111. oeae. 1611390101. 1111.
mmmm mmm

101 risen 11011010. 1111. 1110. tna. ¹³¹¹· ⁸⁶⁶⁸· ⁸⁰⁵¹·

mmmmmnmmm
iiii 811111 001011015538. ⁰⁰⁰⁸¹¹¹¹⁰ ³⁰⁴⁹· 3405390019705006·

caninrio 11100001. 5638.

01111101 6788.

 

