38 111. DII. DEAE. MYTHOLOGIGA VARIA.

91118. 878. 1611.1715. 8187. 3395. 11111 11111111 S. 8111151111 71111.
5810. 811 1111111 1111 (11111111, 1111111111
11111 S. 8111111111 11) 7116. 1883.
Divus S. 5711. S. 111111115773.
01111811111111111111111111115715. 8. 11111111 Κ. 8111. 11111. m. Aug.
8111111 11111 S. 1188. S. invictus 111. 1. 11115111.
811111801111 1591. S. 111111 1988, 1931.
8. Aug· 1598. 8580. 11355. 7191. 8. sanctissimus 1981. 1988.
8. Aurelianus 8568. 811 8111111 1898.
S. 1111111111179. 1811. , 811, 1151 1111111101, qu! 111111111-
8. (laterianensis 5710. 1111111 1791; 11. 1798.
8111111 8. 81111111115711. 811111111 8050.
S. Camicus 1600. Somnus 8138.
s. consecutor 5718. » 81111111115913.
8. conservator 111111 91110111 (1) 8111 11811111101111111. 1758.
1589. 183511. 1838. 8193. 3888. 1158.
s. 111111 1611. 5713. 5033. 5359.
S. 1118111511111808. 8. Augusta 1838. 1833. 8115.
S. domesticus 1691. 1980. 5718. 81111 1111111 1386. 5881. 5885.
8. 115111115717. 81. Aug. 1111111938.
8. fluviorum 5718. 81. 1111111111. 13851387. 1388.
s. 111111111803. 5719. 81. 811111115.
S. 1.11 agrestis 1601. Stygii. v. 111181.
8. 1111111111 1808· 81117855.
8. Naevianus 1807. 81111111 8099. 8100. 8101.
81111118. Pentheus 8118. 8111111 (1111111111 8051.
811111111111111111111,1111111111, Sulis. 011 - (11111111) 8058. (01111.
11111111, 1111111111, 1515111111.. 11111 8111111111) 5911.
51111, 1111111 1811· Summanus 11. 111111. 1111. Vnum. 11.
Deus S. 1111111 1611, 11111 1186.1819.“
8. (1111111111111609. S 11111981.
’ 81111118. 11111111115750. Sapen, v. 1111111111.
8. 111111111 1609. 8111111 186111,
8111111 S. 111111111 1598 = 8518. 8111111111 magnus 5915.
81111118. 888. 1590. 1501. 1598. 811111191111111111. v· dems-
1111. 1111, 1111. 1111. 1111. syrin. v· de· S·
1957. 5758. 6917. 711111118053.”
8. 11111111111118596. 7111111. 1. 11111111 Τ.
8. 10111111 1010. 1990. 5753. 71111111118055.
8. 81111111 1605. 711111111 8058. 8057.
S. 711111, 711111 (1111 71111, 71111 71111117358.
nomen 111111 1111111, 1111111111] 7111111111 profundum 1171.
111111) 5751. 711111 1993.
8. Valentius 1011. 711111, 1111 - 1505.
811111111 111111111111, deus — 8016. Τ. genetrix 5788.
8111111111 7116. 7117. 7. 811111 Aug. 5311.
8111118017. 8018. 8019. 71111111111558.
Dea 8. 5918. 7111111111111. 5073.
811111 8. 8001. 8017. 7111111111 1503. 1501. 333511. 5780.
8111111, 8111111, v. luno. 5781.
81138. 80. 381. 1890. 1891. 1808. 71511111151618.
1893. 1988. 1987. 1988. 8351. 1111111 Τ. 11118.
8598. 3181. 3185. 1088. 5059. 7111111051.
5658. 5858. 6801. 7111111 8058.
neus 8. 1191. 1085. 8855. 8885. 7111111 1971.
8305. 3151. 711111011111, v. 1111111117.
8. aeternus 910. 1988. 711111 187811.
8. 1111151111 1910. 8161. 71111111,1. Mercurius T.
· 8. 51111511115511. 5515. 7111111111. v. 11111117.
01118. 81111511. 1910. 71111111111111339.

1). 8. 11111111511111911. 7111 1111,1. 1111.

 

