’410 ΧΠ. mmmm 011111.

7. D· Tib. 0274. 0110401 mi. 0508.
ζθῐώιῑᾶῗῶπῗὲἐῦξὲο 101031811ὲὶ ο1901 001101 0000111111-
1. 00100100 0270. 1,, [mua quamodo 2500,

'⁶ ‘mmm ¹⁰⁰¹ 5⁸⁰¹· Unguenurlus 2088. 7284. “

ε ἓτξὲπῗεωᾞωωω 5⁰¹5 11. Lugdunensis 7280.
· · 0. 00 11110 111 4000·

Cogor-:⁶12⁸ οι οἎιὲιὲιωιωι 5150οι110010 mmm Μ. m·

m „numm 3201· 1501100101, 101. 115. 2071.
111101 0277. 1 111101010101111. 0000. 10100 207011.

0110111111 4208. 011011014200.
1111110110110 0111111 1111101111 4002. 11111111111114114111111 1111111111 4244.
1110111 0410 (1). 7007.

1. 00 0011510 5080. cf. 00410110.
cl. 10110110. 1111111, 1111101 2588. 2580.

ΧΙΙ. ΝΟΤΑΒΙΙᾸΑ 1111111.

151001 011οι 5011 4517. 111 00015011 4048.
15011100101010101011 4157. 10111051 4801.
1010111101010580. 1105011110 0440.
1101111111101 0110110 11111101111111 101015014081.

48011001. 11151150011001 2510. 4001. 0010 101.
1011141111 2101. 0. 1010101011 101005. Vl. 0010-110-
111000011 2500. 101111 0507.

’ 10100 0. 1100. 100110110011001015115001110101110-
100111511011011 4511. ’1011111100101 74101.
101101, 1101. 11151101, 11111110011110· 1015011011 1572.

10101110 117510. 1101. 111111, 110011111105 - 4724.
1001110 2015. 1111101101, 0. 0011111000 00110,

10010101 2005. 2000. 11001010111111750.

1000001111111110011111011 112. 0. 100 1111 1101011010 5120.

0000010001111 4020. 4024. 0100000 0111111 2172.

10011011, 1010111. 4512. 4511. 1. 1011111100 0751.

0001011100, 11 101501 1111010011 0110· 11101 110101 110110110111 4000-11.
0110 8011001 11 101111ιο deorum 11101511101101012010.101101100.
4450. 10101000ιο 1011οι 111 14101010 7101.

10010011 1010111111 0010. 111011011 1121.
1011 0111111100 4880. 4800. ι. 11011111010111110001110

11011001001111000 520. 5117. 5018. 1111110001 1400111 0510.

0850. 10110101 2515.

1010100110 0270. 4070. 0004. 1111000 1110 111010 4020.
101 1101110111 7022. 11001 5080.
1010100 10101, 0. 001101. 110011011011 1278.
11101111111 1111111010 4452. 11101111111014102. 4401.
1110011 0200. 0110. 1111 111 1011011001 amphitheatri 2500.
111101, 05 080. 1010. 0114. 0108. 11000010100.
0001. 0. 00011 0420.
1101 0011111111 0121. 1. 11011110 1011111017115.

0. 101110010121. 1. 1100011812.

111110, 101101101011111101. 1. 10 011001 00001 0100011 110010

11 0., 11 1011110110 4550. 0002.

11 11011οι 000 01111011100014500. 1110 01111100 1011111001 01 1111101011

10111οι, 1011101 4502. 100001 1101011111, 00111510 011001

111, 0. 1. 011. 1., 11111 001. 4504· 00110 0010101010 mm m

Α

 

