vm. RES 4111113313.

4. cohortes 11144441.

14441111 11141411 3443.
1444111111144411 Χ, 11, ΧΙΙ 33.
14441111 11141111 1, 111, ΧΠ 3433.

144. 1 11111141 5030 34770.
1114. 341441411413407.

1

1114. 33. 3433.

1414141 1114441 3433.

11111101 144. 1114. 144.

414141111141 1114411144.

1414114111141 1114441 144.

4141 1411141144.

optio 14 11111 144.

411114 1111111 144.

optio 111411111 144.

411114 1111144141111 144.

1 quaestionibus 111141 1111 Annin- 71·
1441 11111. [11411144.

1114141 144.

11141111 144.

1141411111 144.

11111111141 144.

11414114144. 1114. 4353.

1114. 3437.

11414114 5030 = 4773.

(1441111 1114. corr. 144.Χ111 1114. 3445.)

144. X 1114. 333. 334. 3735. 3444.
3477. 3434. 3574.

144.Χ11114. 74. 3373. 3103. 3413.
3775. 3770.

1411. xu [114. 3330. 3738. 3405. 3457.
3433. 3554. 3331. 4437. 3433.
4747. 4774. 4333.

1114. 44141141 1731.

144. xm 1114141 713. 3445. 3433.
3538. 33434833.

1411. ΧΙΙΙΙ 1114. 3333. 3400. 3144. 3513.
3308. 4470. 5454. 4737. 3771. 3333.

1. 34141111 41111111.

1114. 3574.

11414114 3444.

1114. 74. 3130. 4773.
11414114 4775.

1114. 3330. 3737.

11414114 3157.

411114 11111111 1731.
11141111 3550.
11414111111114. 3331. 4333.
1114. 3445. 3538.

11414114 3445.
’41101141 11111141113803.
411114 11111111 4803.
11141111 3483.

114111141 3433.

1114. 3444. 5453. 4333.
11414114 3334. 4737. 4771.
1114141 11111411 3513.
11141111 4473.

’ 11111. 113· 301. 1033. 1114111111.
“ 1333. mo! 3100. 3453. 3471.

7111111. 1. 1141111141. 1114111411.. 1114.
411. 111.

5055. 3513. 3753. 3753. 4754.
4731. 3347. 7173.

14411111. 3433. 3513. 3753. 37534731.

11144441 11111441 4753.

11414114 4753.

14141414753.

41110111114111111. 144.

1114141141111411111.,1411114444414·
14111. cm· Antoninus 441. lna· 11.
n. 414141441111401111 11411 3153.

11 1414114444 nnet- 4753. 7173.

1141111411. 4. 3753.

41114 114141111 3753

1141111141 114141111 144.

1141111141 114141111 144.

 

