XII. NOTABILIA VARIA.

71111111 1111111, 11 1191111111, 11·
flentum. 111. 1111111 1111111111
popuii) 1111111 3991.

1. 1111111111119599-95. 6195.
1. 111111111315-1317; 11. 1111. ii,

11. 117.
7111111111 6939.
7111111119 11111111 1399. 9791.
711111, 11111111 eorum 93531.
7111111111 3993. 3793. 5193. 5399.
9593. 6595 111.

15. 1111111 3991.

111. 11 proscaenium 3393.
ΤΙ1111111111111111117199. 6111111193976.

0111111179. Foro 1111119913. Nea·
poti 9993. 31111111 1193. 7111111·-
11919913. 6699 111.

111. 1111111111 Pompeiis 1396.

111. 111111111 1111111111111111. 1913.

111. 11111111 01111111· 3657.

111. 1111111111 prope 01111111 3397.

111. 111111111 7111111111 1397.

ih. 3191111111 71111111 6693.

15. 3111111111 prope ,111111113975

ei. 3111111 31111111 6691.

’71111111 1111111111 5913.

1111111591.

ponere 1936. 7379. 7363. 7191.

1111111111 1199.

Tege 11111619.

1111111 9791.

1. 1. 1111 6911.

1. 1111111111 li. ,1111111111
7111111 1111111111 9971. 5951.
7111111111111 11 111111111111579.
Trapeia 393911.

71111111 3993. 15131999.

11. 1111111111111 1111113339.
Trici· 9999 ·.·. 3539.
7111111337.

111111111159.

Triennium 57. 1363. 3676. 3339. 5163.

tricliniaria 9971. 5951.
Trimulus 1713.
7191111111 5369.
7111111 (Euripidis) 9699.
711111 11111111 111111111 3333.
71111111 11 1111111517.
7111116196.
71111111 1369 111.

1. duplex 1195.

1111111 1111111111 153911.
, Turricula 6691.

711, ihus 111 funeribus 7991. 7177111.
7111119697. 17951917. 6731. 9369.

1. 1 1111111119339.1151.
7111111399.

1. 15111115199.

7111111111111 1516.
7111111111 1555.
7111111111111111 111.

711111 11111 tignorum 39.
11511 11111 1111 1. CCCC 3779.
7111 111 amphitheatro 9559. 9553. 5311.
6166. 9167111.
7111911111, e. 1111111111 1111311111. .
7111111 1356. 9919. 9511. 9539. 9515.
9556. 9559. 3799. 5311. 9151.
6166-6179.
1. 1111(11111)9533.
711111111111 11111111 1919.
711113679.
7111511111 1111159111111111111117365.
711 eum crepidinibus 111111 3311.
1. 1111111 111111111111111 6913.
1111 111111111 5339.
1. 11111 11111111111111111 111. 71 1111.
11111 11111115163.
11111 integere 3359.
1. 11111111 7957.
1. quie 111 1111111 1111 15111111
1111113331.
1. 1111111111 11111111111111 939.
1. 1111 111111111111 3311.
1. 11111117397. 7393.
1. 11111111 6193.
71111 (1111111111115111)9555. 95719337.
1. 11 11111. prasino, 111111, reneio.
11111111 (in 11111) 9179.
7111111111 3191.
711111111111 1557.
onus 1111111111 111111111111 6969.
711111 1111111111 1359. ,
111111 11111111 1111117391.
1. 11111111 3961.
7111111 1191. 1156.
7111111111 sepulcrorum:
11 quie 11111111 meum 1111111111, in·
11111 1111111 HS iX 1191.
11111111 111111 quen 111111 111111,
11 111111111111111 (eici 11111111
qui 111111111111111111111119. 1111
1111111 111111 7319.
11 111111111111111 111111 1731.
11 quie 1111 111111 111111, 11 1111
nutricii 7331.
1911111111.
71111111 7391.
1111111 111111111111111 1593.
711·.·. 11111111 3399. 1155. 6191. 9159.
1. 1111116196.
virginius 1913.
virginit 9719. 7355.
7111111111 131. 3353. 7115111111. di·
1111111111.
71111111 3975. 1697.
7111111111 99. 6935. 6593.

Unio 9519.
91111111, 11191111 9719. 1539.

 

