vm. niis MILITARIS.

praei. 8880.
1118. 111181. 5808. 8151.

18118 1111 1811111 78. 888. 8101. 8331. 1118. 78. 188 ε785. 888. 3331. 3388.
3388. 8388. 3188. 3813. 3888. 3383. 3185. 3858. 3811. 1815.
3811. 5808. 5158. 0151. 8718. 5807. 8708.

8775. 8853. 8871. 1111111. 8717.

1. 11111 1883785. 3388. 3188. 111188118717.
3508 81. 8307. 8708. 8880. 1811118 7817.

1. 111 18111 3388. 8185. 8513 3858. 81111118 8058. 8101. 3188. 3188. 8588.
8717. 8778. 8718. 8775. 8853. 8871.

1811. 1. 1. 1181111. 8058. 881111 3508 81.

1. 1. 1. Antoniniana 1815. 11118111111811 181111. 1. 1118118181

11181118111111 350811.

11118111 Macedonica 8788. 88111118 8788.

lanio 8111 8701. 111111118701.

18118 11111 ,181. 853. 851. 177. 880.
1138. 8011. 3388. 3388. 3388.
3115. 3155. 8588. 3888. 3885. 1811111 8851. 8018. 8151.
8851. 3808. 5008. 5151. 5188. 1118. 853. 851. 3388. 3713. 38888151.
5708. 8018. 8018. 8151. 8710. 8018. 8081.
8711. 8881. 8888. 8817. 88887383. 111111111111 3588.
Antoniniana 111. 888 = 1708. 88111118177. 1138. 8011. 3115. 3588.
Aug. 1. 1. Commoda 8881. 8881. 8710. 8711.
1.1. 8. C. (88111118 Commoda) 875. 81181181111 1888.
1181. 111 01811188111111881111811 11111111181 8888.
88118111111,8111 11881111811118· 1181881 1111111111 8881.
111 8881111818 8711.
1181. 8818111111888.
111. Scantiana 1181111111115888.

18118 11111 118111118118878.

18118 81111 8838. 8880.
18111118875. 8815.

18118 111111118111181881.8875. 8151. 1118. 111181. 8181.
3588ε1858. 8018. 80508181. 8815. 118118111ᾟὲ1 2236ss = 1858. 8018. 8030.

11118 111111 Macedonica 81581. 1118. mii. 81581.
18118 viiii 811111811111 8873.
11181. 880811.

animm. 1118. 188811. 8111 n). mh, 1171

decumani 873. Samnii& 8ξ1ω8ι

18118 X 181. 3883· 1811118 8883.ί

18118 X Freianaia 8388. 3888. 1888. 1811111 5151. 8501.
5151. 5158. 8501. 8811. g 1118. 181. 5158. 8811.
1118181818 Antoniniana 8188. 881111181888.

1111118 31181881. 8811.
18118 11181111788. 8008. 8858. 3100. 1118. 508. 8858. 3108. 3570. 8770. 3788.
3388. 3181. 3511.’ 8535. 8551. 3878. 5180. 5881.
3770. 3878. 1881. 8808. 5888. 81818111 788.
8810. 88081. 8811. canturio 8008. 8810.
gemina 111 11111118 508. 8080. 8870. 8118181118 3511·
3788. 5180. 5788. 81118 88181.
1811111 881811118118. 811181118181 3511·
1811111 8818111115880. qui 11111181. 11811. 8181.
18118 X 81111111118388 1181881 5788.
1111111111 1535.

 

