V. IMPERATORES ΕΤ IMPERATORVM FAMILIA. 85

01111111111111111 11111, 8111. 71111-

1111811. 8771.

1111. 71111111111. 791. 1173. 3570.
Imp. 71111111 1111. Germ. 5859.

811111 111111 111111711111111111-

1111509·

Imp. 8111. 71111111183511.

71111111 811111 35.

1111711111113898. 53085891. 8771.

01111111 71111111 8838.

111111 11111171111111Ρ111111111 797,

111111 71111111 111. 8587. 3179. 3833.

0111171111111, Μ. 1111. 1511·

0111171111111 Ρ111111111 1007. 5999.

Divus 71111111 1101. 1578. 1581.
3188. 3859, 3898.

Numen 1111. 81111111 Nervae 7111111
111, 8111111111 1111111 790,

Μ. 8111. 111111 [111. (1) 711111.
1111. -81111, pont. 1111. 11111. 111.
111. ΙΙ (1. 98) 178.

NB. 111 111, 111111111111111111111
1 7111111111. renovata 111, 11.
115113.

1111. 811111 01111111111111111 71111-
1111115091 11. Corrigenda.
11111. 811111 0111 1111111 1. 111111
71111111 Aug. 81111. pont. maj—-
1118. 111. 111. ΙΙ. p. p. 811. ΓΗ

(1. 99) 119.

imp. 811111 111111 11111 1111111 1.
71111111111. Germ. 11111. 111. 111.
111 (1. 100) 780.

1111. 111111 71111111 111. 81111111-
111 111 111. (1. 100) 1155.

1111.8111111)1111111111 1111111
71111111111. 8111111111. 11111.
1111). 111. 1111. 111.Γ11.111111. 1111
(1. 100) 781.

Μ. 111111 711111, 11.-811111.
1111. 1118. 111. 111. 1111. (1.1), (1.
101) 338311.

Μ. 8111. 0111 1111111 1. 111111
71111111 Aug. 81111111111 11111111
Ρ111111111 pont. 1111. 1111. 1111.
111. V. 1. 1.(1. 1081 1011) 15011.

Μ. 811111 0111 1111111 1. 111111
71111111 8111111111 1111, 11111,
1111. pot. Vl. 1111111111. 11111.
p. (1. 109) 783.

1111.8111111)111 1111111 1. 111111
71111111111.81111111111 11111111
ΜΜΜΜΜΜΜ.
111, V. 1. p. (1. 104) 3005. 5440.

11111111, 11111. 111. 111. V. 1. p.
(Ι. 106-111) 10³ 486=785.

8111111.111111’111.7111111.11Ι. 111.

1111, 1111. 1118. 111. VX. 1111. (1.

10518) 788. .-
11111111. 1111). 111. 71111. imp-TV.
1117111110818887.
1111.1111.1111.111.11111 unffi.
111. V. 1. p. (1. 108) 181

pont. 1111.11111.111.ΧΙ 111111.
111.11.1.1.(1.1071815141.

pont. 1111. trib. 111.71Τ1.11111.11,
111. V. 1. p. (1. 108191 787. 5111.

pont-mn. 11111111. Xffl. 1111111.
111 Vp. 1. (1. 10911015097. 5189.

1111111111111111711111. 1111111.
111, V. 1. p. (1. 110) 5413
1111. 1111. 11111 111. XV 111111.
1111. p 11111118810
pont 11111. 11111,111,11-11.1111.11.
11111. ρ..11.11111)115111.

1111.1111,1111.111 1111111111. 11.
co·- VT. 1 1 11. 11111111.

Μ, 811111- 7111111111111111111.
81111.1111.1111.1111.1115.111.
711111 111111111171. 1.(1, (1.
111) 88571.
pont. m-u. 1111). 111. Χ-1111.11111.111.
⁰⁰³'vgmp'p⁰ 11111111111111111111
(1.11)788
1111111111111.11171111111111.
1111111111.1.1.1111111111111-
111111111111 (1. 115) 791.

Μ 811111- -8111111Ρ111111111111.
1111. 11111. μοι. Χῖ Μ. 111. 111.
Vl. 1. p· (1. 117) 1918.

1111. 111-11. 11111, 111. ᾗῖιωμῘΧ-ΙῙῙ.
111. Vl. (1.1. 111111111111111111111
princeps (1. 117) 71111 11. 798.

(71811111111111111111, 1111181111-
11111 111111, 157 111111111111111
111 explicaro, 1111111111 11111 111,Ι
1111117111111111. 11171111-1
Kal. 7111. 1111111111111111111111-
111(1[.1115113),11111111111111·
mam 1111 1111111111 11111111111111
1111111111,111111111111 ,11111111
11111111 1111111111.)

11111111 1101.

Triumphus 2581.

11111111 Traiani.
81191311 111. 1111.7111111111.1. 1.

Ρ. 1111. 1111111111. 799

8111788. 3358.

11111Ρ. 3711 3774

11111Ρ.111117111111Ρ111111111111797.
11111111111111 71111111

111111111111111111. 791. 5888.

11. 111. 788

 

