iii. nn. iiiinii. MYTHOLOGICA 011111.

G. etnubentium 3708.
0. 11111111 1111111111111 1710·- .- 7187.
G. &gigan 1111111111 1111 Apollinem

G. 11111111 1111111111111111111311).
0. 11111111 peregrinorum 178.
G. 11111111111111111111 1810.
0. 11111111 111. 811811111110111 11.
G. 11111111 1111111111 nomenoium
180311.
G. 11111111111111111111. 1838.
G. 11111111 011111111111188.
0. 011111118001.
01111111 5885.
G. irmiiire 11111111111711.
G. 1111111111 1111111101 5810.
G. negotiantium 5780.
01111 iocorum 1101011111111111
0. 1111875. 313. 1500. 10501701.
17181770. 1881. 1880. 8080. 8180.
1081. 50151078. 1783. 5800. 5808.
0508. 0751. 0778.
Deus 11111111111111 1111 875.
0. 1111 iiiiii.
G. 1111 1111118011.
G. 11111 1111 0338.
0. 11 8111111 1111111111 111111 1111
1088 - 3158.
0. 011111 1111111 1558.
G. 111111 1180. .
G. 011110883.
0. 0111111710.
0. 011111111οο11 11111101 185711.
0. 1111110088.
0. 1111 11111111037.
0. 11111111111 11111111101111111·
rum 15.
0. 1111111111111111181111111115781.
0. 11111111111 0111111 1711.
0. 111111111111111 181.
0. 111111011 11 1111111110 0738.
0. 111111111 1707.
G. 111111111 111111708.
G· 111111111 iihrrriorum 5788.
01111111 1713.
0111115888.
0111111111 1817. 5773.
0. 1111111111111 01111 5380.
0. commercii 1780.
0. 1111111111115380.
01111111. 1886.
011111111,011111111583011111111111.
011111 1111111 5818.
0111111. 1. 111111.
, 011118005.
01111111ου1, 1. 0111.
0111111111, 1. 111111111.
01111111, 1. 11111111.
0111111, 011 - 8008.
0111111111, 011 ·- 5888.

01111111111 1878.

011111 1801. 8335. 8351. 8318. 8301.-
1111 1111111111111 1111111111 1178.

0. 1111111 1177. 8353.

01118885.

ii. luno 111111 5003.

0. 1111111 1008.

01111111 111. ii, 1. 381. 18108. 1511.
1588. 1588, 1530. 1531. 1150. 1557.
155811. 1500. 15081503. 1018.
1783. 1808. 18008171. 8101. 3878.
308811. 3888. 3807. 3818. 3811.
3815. 1000. 1078. 1381. 1871.
55001. 5780. 5738. 0008. 0075.
0077. 0131. 0733. 0800. 7830. 7313.

0111 ii- 781. 1530.

Divus 0. (i) 1130.

Dour 0. 81111111111111 8013.

iiii r⁶r³noii 01111111 111111111 1508.

ii. in 11111 (i) 1113.

Numen 0. 11111111111 1118.

0. 111111111538.

0. 1111111 1111111531.

0. 111. 3880. 7000.

ii. 111111115780.

0. 1111. 8700.

0. 111111130. 1530.

0. 011111111111 1111115787.

0111111111111111111530.

0111 0. 111111111111111111 eomer 11
11111111111 domne 111. 1550.

0.111111111111153011

01111111111115308110.

01111111111111110.1111111111
11111111111111 1011815115.

0111111111111111. 011111. 111.
11. 81111. rn. 111.

0. 01111111 801. 811. 1530. 1537
(ΗΡΑΚΔΗΣ 1108101008).

0. 011111111111111 11111111 8388.

0. 1111011111 1538.

0. 011111115788.

0. 011111 151011.

0.11111111 1130. 1518. 3817. 3113.
38001857. 5188. 1108. 0088. 0705.
7808 1111.11111.11.111.

8111111111110. 11111111 1111111111-
1110111111111 1511.

0 11111111 11111111111518.

11.111111111510·.-.111111.

011110111118018.

0. 1111111111111511.

0. 01111111118001.

0. 1111111111 8005. 5788.

0. 01111111 5730.

ii. 11111111530.

0. 11111011 153011.

0. 111111111111515. 8103.

0. 111111111110.

0. 01111111 8100.

 

