V. 11111111011111111111111101111111111111. 75

P. 8111. G. 115. 8111115888. 5508.
0088. 8818.

11111111.8111.(111111111 1111115111
abrasum) 5518.

11111111111111111111111111111111811-511 1131111 numum 11111 1111115111
81

11111111111 1111111111 5888.
8111111111 8. 811111 8818.
81158111. 1811808811. 1888

111111 8111111111 8111111111 1. s. 1111111

1111115111 888.

G 01110100400510 5544·11111.8111.111.,111111111111111111111111.

· P 8118111118. 85.

1.. 8111. 8. 888.

8111 8808.

1111· 8111. Ρ. 8111111111 81111111
1111. 5887.

11111. P. 8111. 8111111087.

P. 8111. 8. 8111. 111. 888.

11111. P. 8111Ι 8111. 5511.

11111. P. 8111. 8. 5888. .-

11111. 8111. P. 8111. 8.11Ι5.111.11.
111. 11 (1. 810) 880.

1111. 8111. 11111 81111110 811111 111
1115. 111115. Parth. 1111. 111111.
mu. 1111111. 11111. 8111. 11. 1111111
11111111 811 1111111151111. 81111.
11111. 111111. 11111 111111 1111111111
Pii 81111. 811111. 11111, 11111 111·
1111111 811 pronepos, 11111 1111111111
15111111, 11111 Traiani 81115. 11
11111 11111111111111 (118111. 8111
81111111. 111111. 1115. 111. 111. 111.
11. 11. 1.) 111111 (1. 811) 8788.

Numan (81111 81111111) 5581.
111111. 8111. 111, 01111111111111111111111.
51. 0111Ιί111 11. 11. 11. 1. 1. 5518.

11111. 8111. Μ. 0111111151. 111. 815.

11111. 8111· 11. 01111111 8111111151.
1111. 81.

11111. 811111. 0111111181111111111111111
1111111111 corr. 111111111) 8111
11111 1111111111 111111111 1111. 888.

11111. 8111. 51. 011111181111111511111·
1111111111111111. 1115. 111. 1.
1. 111111 (1. 817) 0058.
1111111111. 1115. 111. 11. 1.1. 111.
111111 (1. 8181818.

81. 01111111 81181111111111 1115. 8111.

51. 01111111 11. annuamus) 11111)

11. 0111111111 81111111 11. 8111. 1111111111
1111111111 81.
01ἐ111118111111118111111111111.

(8111151111).

11111. 8111. 11. 1111111111 1111111111
Pina 11111 1111. 8058.

1111. 51. 11111111 1111. 81111 1111111111.
8781. 8085.

1111. 8111. 51. 111. 1111111115818.

Antoninus 1111. 50881.

11111. 8111. 11111 111111 1111111111 1111111
11111 811111 11111 11. 1111. 111.
8111111111 111. 1111. mn. 1115.
111. 111. 1.1. 111111 (1. 818) 88811.
1111. max. 11. 1. 11. 111. 11 (1. 818)

11.111111111111111118111111111111.
sacerdos 1111 1111111811111111115111
11111. 11111115. 111. 1111181) 111.
111. 1. 11. 78181.

11111. 8111. 11. Aur. 1111. 8111111111
111. 1111111111 11111811 111 81111
1111115111 11111. mn. 1115. 111. 111.
111111. 1. 1. (1. 88015515.
1115. 111. 1111. 111. 111. 11111 11111-
11111 1111111. 8111811111 111. (1.
88115518.

11111. 8111. 8111 811111 111111, 11111
1111111111 511111811111,51.1(111. 111.
111. Pina 11111 1111. 11. 1.) 111.

814911) 111. iffi· 1. 1. 1111111 (1.8811

11111. 8111. 11111. 111. 11111111
Felix 111ἷ11. 1. 1. (1.881) 850.

Annia Faustina 1111115111 858.

(1111 11111111 1111111111 111111 11111111-
nomm, 11111 111 11111111 quondum
1111111 nominis 1111111111111 1111111

1111111111)
1111, 1111111111 1111. (11111111 1.
811111) 8888.
1111111 Antoninus 8111115887.
1111111111 11111111 Antoninus 8111111111
111.(111111111111111111111111111
Antoninus 11111. 7071.

11.011111111111111111).1115.8111 111111 51111111111111111111111111111.

1111111111111111118888888058.
111111 111111111111111.11111.1111111111
11 1111111811 11111.

1181511111 111111111111111 1111 1111.
8111. 11. 11111111111111118111111111
1111. 5515.

11111151. Aug. avla 11111111 1111111887.

1. 1111111 1111111 111. 1. 058.

1.11111111111.111111111111 G.aaa Ι
11111111 811111 111111811811 P. P.
1111 1111111111111855.

1. 11111111111111. 1111111111. 1111111,
1858. 5810.

1. 11111111 111111 1111111111 11. 1111111111,
1111111111 11. 8. 0588.

 

