m. 88118811111111.

813181181111111118111111111118111111

81311 811111811111181111881118115818.

88111111 11 11118 menneo 8888.

8111 8830.

81811111 8087.

8811111111111 1818 1111118 8831.

811811 1835. 3855 (1). 8517.

Potens. 1111811 57. 1835. 8337. 8377.
ρ. 11181111 1118181 8375.
811111111111.111111181111111118337.
p. 118181 1111111 cereto 1111111811·

1811 7805.

831118 8588.

Pyladen, 11111811 8530.

81111 eboreo 3838.

081881111811 8510.
08181131 111 81111 8508.
opus 1111811311 oum 1183181111. 111-
811181 1131811.
081811118111388-8. 8818.
Quieti eorporis 11811111 8551.
18. 18111118 8831.
8. m· 8111. 11111118 888. 8780. 3388.
5181. 7383 11 enesim.
0111113308, 8. 111188.

1111111 1 8111111 8808.
11111 8118875. ’
881111181 omnium 118181811 8.
Refrigerata 88 111111117818.
8138118 1508 .-.. 8518.
88118118 reciperatorem 8888.
8811131118 8885. 8780. 7378.
1. corporee 3158.
1. consecutae 8111111 11 Genio 11-
11118 8577.
1. 111111 11811181 111113111 8388.
8838111811818 8533.
811 811111111811 118881811181811 750.
1. (111111158111111 080.
1. Roxolanorum 833.
1. ’111818111111181111 758.
1183111888.
8181113878.
811818888.
1. 181 equae 81881818 81111 111111
1118580.
813817353.
11111 111 sepulcr. 8817. 8818. 8818.
7338111.
11111 81 11811 ponere 8070.
88111118085.
8811111 7381.
88111 1881811181 11111811118118.
1. 11118111 8118181181 7308.

811111111111 8108. 7188.
811118111 18 sepulcro 8107. 8373. 8378.
ἕζωξῦθ. 8381. 8388. 8818.

188.

818111 (18 eque 81181111) 8888.

81811111 8518. 3388.

8111111 8858.

81111111, 11111111 81 1111811 8505·

8111811381, 11111811311 108. 8838.
8878. 8558. 8558111.

1. 8111111, 111111111118370.
11118111311 8838.

811811 8088.
881111 8581.

11. (1111118808. 8818.
8111111111 8800.

8811118 1818811111 111811118570.
8811881 1111188111 188.

88188811 8587.

881811 3887.

1111. 8818 1111111 0018.

1111. 11111811 8588.

neh. 1111 1111111 1111131118811111-

mentisque 81111881 3303.
8811811 ie 11111111 8578.
11111111 5338.
1181181811 11111111 8088.
Scyphos 1870.

113111 dependentes 1118 1111181111
81811811, 1111111 18118 8587.
8881118 = menen 7388.

8118111111 1111111 8888.

1. 1831188111 3187.

8. m. 11 111811181. 7878.

8. m. 11 1111111118 1. 8888.

88811 3888. 8538.
1. = 1118111. 8780. 8887 111.
1. 11111117008-
81811118035. 81381.
8818311, equus 8583. 8178.
Semne 3888.
Sene 111 sepulcr. 8783.
88111811 8581.
8111 pro 1113785.
8131111 88111311 1118111110088.
1118111 81811111 7888. ’1881178501 os.
8181111881 oet.
813111111 8888.
81311 111111111 11 11181111 18811 8875.
8111181 118181 3381.
811118 11111118 3310. 8818.
811111181111111111 11 11111111 8811111
1. 11811111 81 1181811 8111111111 8.
88111 8801.
8111118880.

18111 1881.
8181111 = 111111810187.

1. .-. 81118357.

1881111 8888.

188111811111 8888.

811 11 113111. 8885.
811, 1181 commendo, 1111111111-
18111 81 87811 81. 8788.

 

