V. IMPERATORES ET IMPERATORVM FAMILIA. 6⁷

810111 111. 703. 805. 810. 810.
111118. 111. 830. 837.
11111 S. 5051.

Mutuus 11111111 0111011110111111111
111. 111111 01111 8101111 111.
11111 unp. 11111111 1111111. p.
matertera 830. 837.

011110111118101111 1111111 1111111111.
11111111 111111 1111011111..1’101111
111111. 111011115000.

1.. Aucus 011111. 1100. 1153. 5001.

1110. pat. 111. 111111111181111111.
111. (1. 137) 81οε 817.

1111. [11011111 111. 01. 1110.111.111.11
(1.1371810.

1111. 0111. ’1111111 Efflanl Q
11111111. 1110. 111. 11111. 1111. 11.
111. 111. 11. p. 111111 11. ’1111111111-
10111 1111111111-1111111 pronepos
1110. 111. 111. 11. p. 1(1)(1.1371
810.

11111111 1100.

Boionia Procilla (1111 11111111 Pu) 830.

1111111101111111111111111111 Pu) 830.

11111 Fadilla 0111111 n. 11111. 11111111
111. 1111110370.

A. F. 835.

Imp. 011111 Τ. 1111110100111111-
1111111111 1111111111 Pius 3118. 31811
11. 5107.

1111. 0. Τ. 111111 1110. 111. 111.
318811.

1111. 0111. Τ. -111. 1111. n. p
805333881311. 3500. 3500. 5081.
0315. 0011. 7000.

pont. 1111. n· 1. 5100.

1111. 0111. Τ. 111111111011111111-
1111111 3053.

lmp- 011111111111111 11111111 n.

1111. 011111111111111111. 11110501.

1111. Τ. 111111010111111111111111
11111111 n. 1. 3115. 0810.

Imp. 111111111111. 1111 1003. 0103
3571. 3703. 3835. 0010. 5118.
0051. 0080.

p. 1. 830. 837.
1111111111 111. 11111717.

princeps A. 111. 1111 11111 1111111
1101111111 11111183.

11111111 11111111 A. 111. 11117108.
11111111 maximusque 11111111 1.
111. Plus 7170.

11111111111111 1111111111. 11111111-
1111111101.

optimus 111111111111 11111. 111.
Plau 800.
0.1.11111111111111.1111111(1)1031.

1111. Autumnus 1185.
011111 Antoninus 3110.
0111131111111111 111. 110. 5301.

11111111. 808.

111111 1. 111. 1111111111111.

01111 1. Plus 1501; 11111111111111
1111111111 aequuum.

Divus 1111 157. 3870. 0038. 0053.
11111 unp. 0111. 01. 1111111 11-
1111111111. 1111111111 11 1111. 0111.
Ι..11111111’1111111111111115000.

11111. 0111. 111111 1110111111111111-

- 111111. 1111111111101111111

11011 terrarum 83811.

1111. 0111110111 111011111 1. 0111
111111111110111 111. 01111111111
111111. T. 111111 11101111111111-
11111111. 11111111. 1111. 1110. 111.
111. 01111111. 11 (1. 1381810.

1110. 111. 111. 011 ΓΙ (1. 13810780.

Imp. 0111. Τ. 111111111011111111-
1111111111. 1111111111. 1.1.(1.
138) 303111.

11110111. ..111 1110111111 1.111.
Plus 1111. 1111. 11.111.Ῑ1“.111.’1Ῑ.
n. 1. 11. 1301830.

Imp. 011111 0111 [11011111 1. 11111
111111111111111 111.1)1111111111
11111.1.1111111110111111111111-
111111.11111111.1111.1110.111.
1ἶ. 111. 1Ῑ. u. 1. 1111111111111(1.
13818105001.

Imp. T. 1111111 111111111111.1111
p. 1. 1111. 11 (110110 1.138) 3170.

1111. 0111. 11111 111011111 s. 0111
Τ111111 11110111 111 11111 1111111
1111111111. 11111111.1.111.1111
11111111. 1110. 11110111 11.
01111. ΙῙῙ. 11·0.(1.108)801.0058-ζ
1111.1111.1110.111.1100111111
(1. 100) 801.
111.1Τ111) 1110.111.Ῑ11111.1.
11. 1001 1381) 011.

11110111. T. 11111111111. 111. 111111
1.....111111111Τ1.1...1(0100-
105) 330.

nnn. 0111. Τ. 111111 11. 111. 111.
Ρ1111111.1111.1110. 11118111.
1Τ1.1.1.1111.1“1(1. 101) 100.
11111111. 1110. 111. Γ111.111.1Τ1.
n. 1. (1. 101) 801.

11110111.111111101111111111111
n. Τ. 111. 11. 111.1.11 11111111
1111. n· 1)· 111. ΠῙ. 1110. 111. 1111
(1.10110710.

1111.0111.1111111.111.1111111.111-
111111 1. 1111111. 1111. Τ. 111. 11.

 

