v. 1111111111οω 11111111101111111111111. 51

11111 1116111111 (1. 715, 1117161 11.
Mommsen. 1. N. 1116111111) 1111.
111111. 111. Sept.
1111161 1111111111 11161611 116111111
(1. 716) 5359.
111611111111 11111 (1723111111. 111111.
61111. 111. Sept.
11111 1116111111 1111111111111 1111111111
1151111111111. 1111111. 111. Aug.
Augustus 1111111111 111 (1.727) 5359.
1111111111111111 111111111111161111 111-
111111 11. 735) 11. 1111111. 111. 011.
pontufex 1111111111 1111111 111 (1. 712)
11111. 61111. Pr. m. 11111. 6119.
111111 111111. 11111111 1111. 111. 111. 1111.
pater 11111111 appellatum (1. 752)
1111. 111111. 61111.
11111111 (1. 11 11. 6111.) 11. 1111111.
111. Aug. 6115.
511111111111111 15 11111111 6111111
1111. 111111. 111. Sept.
9111161161 111111 mgnum 1611111·
1111111 1111111111 1 111111 Ausum 1111.
Augusto 6161111611 11. 1111111111.
Scribonia 6111111111 612. 5362.
M. 61111111 Drusus 6111611111 11111111
111111 111111 August! 5365.
1111111151. f. 11111111 Auamma. 11111111
1111115365.
Livia 6111111111 11191111.
111112933. 5363.
11111 Aug· 11.
11111 1111116111 1111111613.
L. 1111111 1. uxor 61111111 Aug. 611.

L. August! 611 611.

111111611111 2531.

111111 Augusto 16111111. 1111. 615.
916. 1326. 2633. 2937. ’1165-

111111 1111111 1. ,16111111 11111 1111111111
662. 5361.

111111 11111 ,111111111111111 1111111 11.
61111111 11111 Augusti 1. August!
615. 616111.

1111111111111111. 1111111 Τ. 61111111 Aug.
1111611111 11 1111111111111617111.

61111 111111 Augusta 11111 1111111111-
11111. 6111111111111111111 616.

1111111111. 1721.

11111 Augusta 2267. 2116. 2969. 5365.

1111111111111111 1111111111 666. 2531.

01111116111111111111911111 soror. 2956.
61111111111111111111111111101111111612111.
6111111111 2955 5371. 5372. 6361.

11. 1111111615. 5373.

”gelum (fortusse 1161111, 1111111111)

1111111 111. 1111.

M. 11111111 636.
111. 1111. 1115111111. 1111115367.

6. 11111111 1111111111 1111111111 111111
625.

6. Caesar 5365. 6636.

6. 611111 August! 1. 636.

6. 61111111111111 1111111 11111111 1111111.
mutum! 1111111611 1111111111 Romul
totiusque 111111 1111111111 1111111611
1111111 11111 nepos 613.

6. 611111 Aug. 1. 11611111.1111111633.
111111111111111111111111111111. 1111. 611.
(1. 753) 222.

pontufex 111. 61111111111111111111·
111 11. 7531 631.

111. (1. 751) 635. 616.

6. 611111 August! 1. 6111116616111-
6111 111. 1111111111611.

61111111 611.

11111111 1111111111 1116111111 1116111111
triumphum 11161111 1161111111613.

6111111111 1 11111111 inhonorem 11111
1111111613.

L. 61111111 6361. .

Ι.. 611111 August! 1. 11111 11111111
princeps 1111111111111. 6111111. (1.
7551219. .

1111111 111. 611. 111111111111111111
11. 755) 637. 636. 611. 613.

111. 611. (1. 755) 616.

August! 61111111 1111111111111111111-
1161111111111111 11161111111 potest·-
111 XXV 611111 1111111 11111111 611111·
nnus 11111111111111111111 (1. 755)

61111111 611.

1111111111 11111 1111. 1111111111.

1111111 1111111111 1111111111 1161111111

6111111111 1 11111111 11511111611111
11116111 612.
6. (111111 6111116111 Aug. 1. 6779.

Agrippa Caesar (Postumus) 5376.

11111111 1111111.

11111 6111161111 11111111 615.

Nero 6111161111 11. 1111111111611111.
nugur. 111. imp. 5375.

Nero Claudius 11111111 6111111111
6111117119.

16111111 elus 7119.

11111161 111111 ’11. 6111611611616.

11111111 611111 3391· 3567 sp. 3671.
5659. 5997.

11111116111111111111613.6161161711.
6111115359.

11111111 1111111. Ant. 6115.

66. 61 honoribus postmortem 11
tribuemus 5361.

nomin· 1111115111 111111 numinibus
recitanti· 5361.

 

