vn. RES PVBLICA noniiiioiivbt. y

1 bybliotheca Greees 1 1111111 0111·
11110373.
1. 1 1111113853.
1. 1111. 0303.
1. 31011111 1011111 1101111 0371.
1. 3101111111 s c 355
p, 1 1101111111 tribunorum 3551.
1. XX 11011111. 3333. 3337. 0553. 0317.
11 XXV tenellum 3333.
1. 111111 111111113303.
(11. sorra 111111 1101111 minora.)
Pultoni, 3111111111 11111111, u. 11111 off.
11101111 sns'norc.
11 1111111011 1131. 5587.
petrlrnoull 1173.
Redemptor 101111111 3330.
operum Cossorum 3330.
11111111 sutiorrum 3338.
1111111311. 3557.
81110111
111101 888. 3501 5383. 7110.
111. 1101111110535.
111. 11111111113170. 3178. 3313. 3010.
3311. 3881. 5713. 7173.
111. 11111. 111. ilbi.n 3353. 3310.
5153. 0553.
munere 11111110535.
011111 111 0577.
111. 110111. redii. 11111. 1031. 3173.
0558. 3530.
(1111111111 1111011111 1111111111 euru·
lium 3353.
111. 1131111110111111111 1111111111·
11110505.
3111111111111101 Coriallum 0301.
111. 111011111113170. 3311.
scr. libr. tribunicius 0500.
111. 1110. pleb. 111111111111113505.
111. 11111111111 1183. 1513. 3010.
0503. 0311.
11110111111111111 11 munere 111111
111. quaestorius dc 1111 primis 3750.
111 primus 3313. 00331. 0. 0501.
111 11111111111111 iunctus 0535.
111 primus 0117113.
111. 110. 1111111111 trium decuriorum
3313. 1530. 0503.
111. 10 111111111 011111111.
111. (1111 11111111113133.
111111111 111. 11 11111111111111111-
bullbus 111011 1311111111 11111111
111111111 clientium 3031.
81111111 1751. 3375. 0370 (incertum,
num munros pubiicum 1111.
Sosius reetigslis 1111111 111111111111

11111 1111111111 1101111111 3338. titi.
Sistionsrit 111 dominicos 3351.

11. Noricorum 1085.

1111. 1111111113) 1015.

itt

Streior 111111. propr. 11101113311.
111. 11111. 3350; cs. 1111111 militaria.
Α 1113111 11111100355.

Tebellsrlue cestrensis 3313.
11 113111 111111110503.

⁹· stelionis pstrlmonli 0353.

1111111111111111111 011111111111110508.
11111111111 tebellsriorum 1318.
11111 isbellsriorum 1111. patrimonii
Tubulsrius 5308. 5303.
1111. 3831.
11111111 11111111111 0570.
summi cborsgi 0183. 0573.
111111) lib. 11 111. 3335.
111111. 1111111111110333.
111111111 1101311111111 3333.
Portuensis 1 1111111111111111111 3310.
Ost. 1111111111113111 1300·
1 111111111113351.
11111111 patrimonii Cossorum 3353.
nusorsgcsirnee 0111111111 3311.
1111. 0111111111 3571.
1111. 1111111111 11111111113003.
11011111 regni Norici 3318.
summorum 1111111110537.
11111 7101111 3318.
tbeussurorum 3317.
reotlgelium Illyricorum 3358.
sistorum 11111111111111 10 1111111
1111111111 bereditarium 0013. β
princepe 1101111111 11 11111111 XX
01111. 3333.
11. officio municipalia sns'noro 11
officio 1111111.
7111113535.
1113351.
11111111 1110111111011 11 111. 1111.
11111111 3353.
111111111111 11111. 3353. 0573.
01111. deo. eor· et pr. 3137.
decurio 1111111111 victorum 3137.
(1111111111 01111111 111111111 equestris
111. 3301.
0111110111 decurism rietoriem 111·
11111111 1070.
1111111111 1111111111 111111111111111·
11113073.
decurio preciosis sistorum 3137.
11111111111 1110111031. 3353. ,
tribunicius 331. 3353. 3355.
1110. 11. 3031.
11101111111 11111111 melorls 3351.
111111 111111111117113.
111111111111011111113110. 3315.
10 11111118111111 3353. 3301.
111111 111111. 11 1111111. 0530.
111111 1111111111 3353.

 

