111. nn. DEAE. MYTHOLOGICA vAfflA.

L. 81111111 1116.

1111111111 1.. 1. 11111111.

1. 111111 1307. 1483.’ 1484. 1486.
1591. 1883. 8331. 1358. 1381. 1854.
3060111. 3636. 5088. 6714. 6715.

1. 1111111111. 1153.

1. pater 3111111111 11111 1111111111 11-

11116716.
L. 111118111111111 318.
Deus 11111111 numen 11111 magnus

Liber 1111111 11111111 11 111111·

1111111111111 1111111111 1436.

113111 1889. 5184. 6656.

11311111 1817 111.

1. Aug. 1316.

1. 11161111 populi 31111111 688.

1111111111 1.. v. 1111111111.

11311111 1378. 3349 (1). 113111115683.

11111 August! 111 614; 1. 11111.

11115887.

11111Ι 1488.

1111111, 1. luno.

11111111, 1. 1111111. “

1111111111111111. 111. Aug. 314. 919.
1170. 1816. 1817. 1818. 5161.
5866. 6304.

1111 1. 4880.

1. 11111111 1815. 1818.

1. 1111111818.

1111111111 5807.

Lux 111111 (1) 1088. 1013.

111111111014.

1111111 7410.

11111311 1637. 1638. 5761. 6763, 1.
Nymphae.

L· 0111111 1111111 1638.
31111111111, 1111111111 1. 1111111111.
8116811611, 1. 1111111111. ·

1111111. 8111111 111. 31111. 6667. 7137.

011 311111 5686.

3111111111 11111111 1110.

811111111111111 5713.

3111111, 1111. 31111111 1. 3111111.

3111111111. 1111 - 1038.

8111111111 111. 11, p. 380.

111111. 111111- 4781; v. notabilia
11111.

1111111 11111015.

1111111111, 1111 -, 5888.

3111111 1853 tp.

31111111 1871.

1111111111 5054.

11111111. 811. m. 3111111. K. 3113.
m. 1111. 3. 111. 183. 167. 4661.
53456053. 88438706. 1170.
1354. 1355. 158611. 1738 sp. 1783.
1860. 1881. 1166. 18701171. 8705.
1714. 1860. 3648. 3787. 4878.
6067) 6804. 6818. 111111311111111.
011. 111. 11. p. 381.

(1111111. 1111111111. 1111113111. 111.

36

811131. 1387.

Μ. 31311111 6867.

31. 11111111 11 1111111111 1341.

11111111. 1111111111 1111111111) 5663.

31. Augustus 174. 346. 1648. 1643.
1111. 1171.

31. Aug. conservator 11111111 11111344.

31- 1111111111608.·

0111 31. 311111111111, 311111111111
1830. 5878.

11111111. 81111111 1367.

31. 8111111111366.

M. campester 1356. 3486.

31 81111111877.

Μ· cuum ¹⁹⁸⁰·

31011111111111 (11111111 8111111111)

8111 31. 1111111111 6888.
M. 11111111111 3417.
8111131. 1111111111 1984.
3111111 custos 11111111111 1846111.
31111 1111111 5480.
31. Cyprius 4850 = 6668.
31. 1111111111 1366.
M. 3111111111. 7184.
31. 31111111 6670.
31. unimundus 1008.
11.111111111111111.1111115171.
Deus 11111111 31. 601.1
31. Aug. 11111111018.
31. 1131111111 58851 1. 1161111111.
31. 1111111111 1356. 6888.
M· 1111111111 6888. 6388.
Μ. 1111111111 1356. 6671.
31. 1111 31111111111346.
31. 1111111 1353.
Μ. 11111 conservator 1847.
Μ. mter 11111861.
3411111111 1368 111.
31. 31111111 1356.
31. 31111111 1356. 1966.
31. 1111111366. 6673.
Μ. 1111116336.
3111111 111111 1348111.
3111111111 (up.) 1850 111.
3111110111 cumulus 1978 up.
3111111111 111111 11111111111134811.
311111 1311111111 6674.
1111111111, 1. 8111111.

1111111 5801.

311111 deum 744. 88511. 888. 1383.
1805. 1906. 8319. 1317 = 6033.
1318. 1361. 1368. 8371. 1386.
8403. 1506. 65801. 6338. 6863.
6034. 6118. 6666.

1111111111 11. deum 1111318368.
311111111113111111 deum 888.

31. 111 (corr. 111113111111163.
Deum 31. Idm 1884.

31. deum 1111113111116868.

31. 111111 unumunurn numen 6937.

8

 

