Μ ΧΠ. norm mu.

“tufan-³³21& ω’ “qff η ⁴⁸² “⁷¹⁵²

⁸⁰:11¹· Ἤ. 4413. 44 um 4414.

som: 4319. . 84444 44444ἲῇ 44.

&aas 4444444114 1198. lm 4344. ⁴0 Ψ ⁵⁶³³·-

4. 1. 44144 44441444 44444444 444441 ‘¹ W· 1111 ΜΒ ῆ- Μ
4431. Am 444414 uu 1η

4. scanzam. mom

mm 4444. 4444 44. sanun ⁸¹³⁰· 4449-

..4444444444 4344ῑὲ4· m·

4444444· swam&

844444144441444 57.
8414444 44444444 mo. 3:3³¹&ss
84141444 44444 4444 44444444 7418. Sum„ 3113,
Mum 2⁸³²· 2⁵⁵⁴· 4444444444 4434444. enm.
§mm Μ· ²73³· 8444444441 4395.
444444 44 4444144 3191. smmum nm, semu “³2
844444444 30. 3719. 4039. 4041. 8444441144 44414441 5189.
44. 44414 411444 4444444 7199. 8444444444 514444 Μ.
4,.414 mnu, 41144 mvi-9⁴. 8441444 34444141 4444441 em.

84444141 441 4444444144 44 441114 4377. 74444444 4393. m. 4323. 4334. 4331.
44. 4444414144 444444 4441444 14441 435445447534-301·
14144414 144444 4444444 4444444444, ΗΜ· Ρῦῐΰῶῠ α19444ῑ4δ11181·
444444444444 3389. ’1444444444 8344.
8444441 7448. 7448. ’4444144 44444444 11444444 738.
44. 4444414414441 4434 4. 44444444 389.
8444444 25¹³. 4919. t 414444 m
44. 444444 4444 444411417317. 4 44444414 44141 4441144 14 bna
44 cannono 7318. 44444440 9517.
44. 44 4444444 4344. ’4444444441 34 = ³2⁸7. ΞΜ.
44 44444 44 4444444 44 144441440444 4 4444114 1430.
1444444441 41 44444441 44 4441· 44414414414414414144114914 do-
441444 444. 444. 444444 7133. 4441444 3408ς 41. Con-iqua.
844444 4441444 444444 119. ’1444 4815.
44. 44 1444444 444411 444144 140. mur! 25³⁰·
4444444 44444 4414444 3888. Ι Τ44444141 ⁷³72.
44. 44 444144 14414444 44 4444 144- 5 7444444 39.
14444 104. ; 4. 444444 4444 4444444411 44 m
44. 4444 4444 3185. : 44414 14444444 ³272
44 44 4444 4444444444 1134. 744441441773.
44. 444444 3884 74444444144441 784.
44 441444 3574. 5473. 7414141 = 4444444441 138.
44 14444444 3889ν 7441141 444141 3889.
44. 4444 1414444 0473. 4. (1144444444) 44444440 570.
4444 444444444 1082. 44414444 (6444444444) 5444.
444 4444 3192. 110444, 4441144 4444 44 4144· Ι. Audi· 44
4444444 1414444 3181. 1.. Vero 44η. 5478.
44 mm 44444 4444. 4444. sm. 4441444444 «mmmm
4444114144443574. 4. 4444444 44444 1144441444 144444444-
44 444444444 3840. 3853. 4050. 4053. 144 4444441 5114. 5115.
4944. 7154. 7174. 4441144441 1444444444444 4438- 35.
444444 4444444414 374440414051. “fulmo ⁵⁰¹1· ⁵⁰¹2·
7458· Tem 44444 4838
44444414 4444444444 1140. 444 41 4. 14414 4444444
14444444 3574. 444 41 4. 444444 m.

N 5497. 74444414 8389.

 

