X„ COLLEGIA SAcRA,

1111111111 1111111 0018.
1111111111 11111111111113510.
domus 1111111 (1119111111) 7357.

01111111 111111111111111 11 1111111113.
01111111111111111111111111111111117101.
0011111111 111111111111 11111111ιὶ11·
11111871.
11111110 11111111 1111117111.
(1111. 1111. usn.) 111111 Χ11111011111
11111111 1111111 tignariorum 1111111111·
olum 11 1111111111111111111111111
1111110111 foederatorum 1610 =
1111. rnilitum 1111111111113510.
111 1111111111111 0111117111.
111 11 11111 11111 11111111111111
11111. 1. p.) 1111111 1517 31135.
11111111 111111111111111111111 111-
111 1111111 1111111111111 01 1111-
111111 117.
11111111 corporibus 11 1111111111-
11111111 1111011015.

111111111 11111111111111111111 Hygino

1111111 1117.

111111111111111 11111111111111 1333

1111. 1111. 1111. 1055.

11 (1111. momorum 11111. 1. 1111111111

cultorum 8111111 11111011 11106.

11111111 1111111 11111111 1117.

111111111111111111111111117111101101.

1111111111 (1111. 1111111111 11111111-
1111 1111111111.

11111111 111111111 11111111 mororum
11111. 1. p. 1111111 1135.

1111111111 1111111 7371.

111111111 11111111 1111111 1111111111111·
1111111111) 1111111 1511.
1111111 111111111111 romono 1111111111 111·
111111 1 nomino 11111111, 111
1111111111 1111111111, 11111111 Gon·
11111 3011. ·
1111111111 1103.
· 111. 111111 71111 11. 111. 111111111
11111111 3011.
11111111 11111111 1111111111 1117.
1111111111.
11111111 3711 (1)
11111111111111 Romo 1011.
11111111 01111111111111 111. 0010.

(1111111111 1111111111 1111111111 10111.

PVBLICA, PRIVATA. 177

111ὦ1ἑ1ὂ11(1.111111111111111) 11111111

111111. 111111111111. 3111.

collegi! 1111111111 1111011111
1111111010.

11111111 8111111 11111111 1015.

111 11111111 11111111111111 Nomou·
11111111 7108. x
1111 magistr! iuvenum turonorum

1111111 1011.
commorarer (1111. 11111 01111111)
11111111 1087.
1111111111 11111111 111111· 1115.
11113131ἑῖ111 1111. 0111111111111

mrgrrror 11 q. 111111. 1111.. 11111.
111111. 1111111111 1051.

1111111111 cenorum 11111111 1111111111
011111 1111111111 11111. 1111111111
1111111111 11 111111 1111 111111
11111111 11111111· 1011.

1111111111 11111111, 111111111111111
1111111181.

mog. 1111111111 11111111111111111111
1111111111 11111111 1111.

mro. quinq. 111111. 1111111. 11111.
1111111 11111111 1551.

1111. 1111101111111 111111 xxnx
110. 1011.

1111ὶο81111. 11111111111110111111111

111111 XVI! 0111113111.
111111 XXI 111. 7106.
1111. XXI! 1111. 810.
111111 mill 1111. 0510.
tonorum 1111111 1011.
1111. nogara) consutorum 111111

11111111 11111111111111 1111117111.
111111 1111011ἑὲῒῖ11111111 11 111111111-

1111. 1111. 1111. 1055.

1111. 111111 111111 11111111 1311.

111111111 fullonum 1111111111 1051.
11111111 111111111111111111111 11111111

111111111111111111111111111111111110.

0111111ἳ1ὄ111111111 111111111111111111111

Ordo ooroorlr 1011111111 1111111111111
111111 11111 1111111, 111111111.

G. 11111 11111 Romo« 1111.
1111111111111 111111111111111111111-

111ἐὲξιὲ 111111111111111 11111111 11111111111111111111111110111111111

ooo· 1111.
11111111 1111110111111115111.

1111111111111 1111111111111111 1111·
{ortorum 111111111111 0101111111

11111111 11111 1111111111 1111111111 1051.

1111111111 11111111 1117.
11111111 11111 11111111111111111017.

(1111111. 1111111111. Latio. 111. 111.

&mrum (1111111111111 11111110

 

