fl 11. czoanPfflcA.

144444 &uolonum 4441. 4441114444 4444.
441414414444 4444. Petrossa-us 4434. 4444.
44414444 nem-us 4444.

444444 44414444 w 4414414444 4474.

144444 4441114444 · Papo-uns

144111441144) cm 444111144144
44444414444 4444. 444444 usstass-us w

4144144444 massenum

4444 44444444 ff Μ· 44444444

4444 14144444 4344. 4441444444

444444 44444414444 4444. 444441444444144,
4414414444 4445. 44444144444 4445.
usus-snus 1414444 4444. 444414444 4 m

4444414 11414141444 1344. 441414444

444444 1144441414444 4 4414414444 4444.
14114444 k 4444. 4444414444 ²
14114444 444144 41441444 54414444 4414444444
14414444 4445. Semnus 14144144 4434.
4411144444 4445. 4444144444 4444.
4444414444 4411144444 4 4444414 414414 3455.
1441114444 ’· 4444. Fundus statuemus 4445.
44414444 4441114444

444441 14441 3115. 8414414444 4444.

4444414 14441444 5444. ’1444444444 Putemus
4444444 11444414444 144. Τ144414444 7444.

Fundus 1144114444 Trebellianus 4441.
11444411144444 a 44444141441144114 1773.

1144414444 4444. Fundus 1414414444

4144144444 ς 441441444444441444441111414444

4144444444 4414414444 4444114444

1144414444 4341. 1444144444

1144444144444 44414444

1144144444 441444444

4414414444 Μ’ 1444414444

4444144444 4411144444 1774.

444114414444 5447. 44414444 miuus

4444414444 4444. 41414444 ξ 4444.

444444414444 4445. 4114414444

4411414444 4444. Volusianus 4444.

ΙΙΙ. 1111. uuAu. MYTHOLOGACA VARAA.

1441114. deus A. 1454. 1453. Assorus 5874. 44444444) 5444.
Abusus. 4444 - 4774. 1441444415448.
1144444 4474. 1144444 A¹ 1444. Aesculapius 1141. Pr· 44144. 1414. 1574.
14444444 5741. 44444 4. 4444444144. 1574. 15114. 1747 (35444). 4417.
Acheron 1174. 3444. 3444. 4744. 5737. 7144.
4414444, Aug. - 1455. 11444 A. 1574. 1575. 4447.
4144444 1445. Dominus A. 4515. 3414.
14444, 4. 14441144. A. Augustus 1574. 1444. 4144. 4441.
44444444 4444 4444. A. 4444144 444441441574.
44414444 441. 1744. 4474. 4471. 1111 444441 4144414. 41114414 1441.
4444414444, 4. 14441144. A. 411414 4441414414.
Adonis 1474. Numen A. 41 1144144 7144.
44444114 5443. 4441441441447. 1574. 1743.
4444114414 Aug. 5444. 5411. 1144411. 5744.
Aeaeus (4141104 mumouxoznsuu. A. 441414414 Augustus 4445.

’ Acunum. 1144414. 11441444 44414411 1731.

ἱ

 

