V. 11000111Το11ΕὸΕΤΙΜΡΕΒΑΤΟΗΥΜΡΑΜΙΠΑ. 01

nux. 1110. 1ῑοοῖ 111. 101Ῑ11111.

Mu. 1. 111111. (1. 300) 5560,
101 1111.

Imp. 0111. Μ. 111111111111111111111·

1111111 P. F. 11111111 111. 1050.
10531050. 5501.
1. p. ³80³.
111.11.-111111111111111111.1050.

0111010111 1111111101111111 (1) 11-

1111111111111 11111111 1. 111111. 0111.
111. - 1111111111. 5501.

0111111111 11 111111101111. 1. 01. -
1111111111. 1050.

D. 1. 011111111111 11111111 1111111111.
1111111111. 1101111. 1050.

1111. 11. 111. 1051. 1350.

11111111 11111. Μ. 111. 1055.

Μ. 11111111 111. 1050.

1111111111 111111 111. 100111.

01111 111. 111. Vel. 01. 111111 55011.

01111111. 111. 1001.

11. 1111111111 111. P. 1³. 1. m. 1110.

1.111. 1. 1. 1010.

111. 01111111. 1111. 1111. 1110. 111.
011. 111. 1. 1. 111111 1111111111
(1. 007) 0011.

111111111 111111111111111111111 11111

11111111 1111111111111111.0111. Μ.
111. 111. M. Ρ111 Felix 11111111

· 111. 111. 101. 1. 1. 111111 11. 101)
1111131191. M. - 1111111111111111. 11111.
1111. 011. 111.-11111. mu. 1110.

111. ἶ. 1111. vm. eoe.1‘1fi.p.p.
(1. 101) 107.
011101111111. 111. 1111. ,111. 01111.

1111. V· 01111. (1111.1111.Ρ11111.

1111. 11. 01111. 1111. 011111. 1111.
111111. 1111111111. 1111. 1111011.
1111. 1110.) 1, 0111111111. 1111.
11111, 1.1. 111111 (1.300) 5500.
Imp. 0111111101 1111111101111111111
Aue. (Chlorus).
0111111 11111111 01111111111 110.
0111. 1053. 1058. 1050. 5111. 5501.
01111111111111. 111. 1000.
01111111111 110. 0111. 5101350.
1111111111 011111 0111111011 1055.
1111. 0111. 01111 1110111011) 111.
0. 0111 01111111. 5505.
0. 1. 0111111 111. 0. 11111111 11
11111110111111111111. 1057.
11111. 01. Vel. 01111. 107.
0. 11111111 111. 1050.

011. 11101111111111101111. 1111. 11.

snm. 11111. n. Petne. 1111. 11.
01111. 1111. 011111. 111111111111.
11111111111111. 11110111. mu.

0111111. 1111111111. 1111111. 111.

1110. fflffi. 111οῖ 11011. 0111.
(1.30015500.
Imp. 0111. - 11111111 11111111

111. 1111. mn. 1110. 111. {ff

1111. 111. 1111. V. 1. 1. (1. 305)
0111111. Vel. 01111. 5501.
0111 G. 1111111 1101.
1). 1. 011111 11111110111110111011·
1111111 1110111111 1111111 1111111110
1. 1. 0111111111( 11111111 111111111 11
111111111111111. 1111 1111111111]
1111111111 0101111111111, 11011·
1111111 beatissimorum 11 1111111111
011111111 10711 ef. 00.
01111111 0111111111 111. 111111111 11
1101111111111 1100·
Imp. 0111. 01111111111111111111111111-
111111.
011 111. 011111111111 110. 011111
1053. 1050. 5501.
Ι). 1. 011. -11111111111111 01111111-
11110111. 111111111111111111 1003.
1110. 0111. 0. 011. 111. 111111111111
1110. 0111. 1. n. 011. 11111. 01111111
mex. 0111111111. 0111111111.
111111111111110. 0111. 513. 1350.
011. 0111. 11111111 111111111011111111
111. 1057.
0111. (1111111111. 1050.
011. 111. 0111. 107.
011. 111. 0111. 011111.11111.11.01111.

(1111. ΓΙ. Persic. 1111.ῙΙ. 111111.
1111. 011111. mex. 11111111. maxe
111111. 1111. 111110. 1111. 1110.

1. 11111. 111. 111. 110. 0111. (1.
300) 5500.
1111. 0111. Flavius 11111111 Seuerus
1111.
1111. 01. 111111110111111 111. 011·
1111000.
D. u. 11. - 110. 0111. 5103.
110. 11 111111111111 0111. 1007.
0111111110. 0111. 1050.
emp. 0111. 011. 111.011111111111(0111).
1111011111 1110. 0111. 1050.
011111 111111115111111111110) 110.
11 1111111111110111. 1057.
0. 1. 1111011111 1111111111. 5570.
0111011111111. 1001.
Imp· 011111. Valerius 1111111101.
Maeuianum· 1111111111111110570.

,η 1111. 0111. 01. 111. vel. 1111111111

P. 011. 11111111 111. 1007.
1111111111 111111111111. 1000.
11111111 111. 111111. 1111. 1110. 111.

1010. ,

 

