111. ml. DEAE. MYTHOLOGICA VARIA. ’ 30

7111111111 1903.
Triptolemus 1311, 1.
1111011000.

1111111 380. 1101. 01051 11. 1111111
10110111.

Tutela 1730. 1737. 1837. 5870.

0111111101, 181111 t.
Τ. 1111111.

Τ. domun 111110. .. 1700.
Τ. 11111111 1111 1000 .-. 3158.

11101111 1803111.

1110011011. 1. 1111111111.

1111111 1887111.

1111111101 den, 111- 111 deut) 5018.

1111101 1800.

1101111501, 1. 1111111111 1.

Vtato 5919·

11111111, 1. 1111111111 V.

11111, 1. favor.

1111111011, 1. 1111111111.

11011111 Κ. Ρ1. m· 11111. 111111.

1. 1111111187.
1110 1310. 5088. 5918.
thtt (111) honarum 1111110101111111·
111111 1171.

11111111 5781.

11111111. Ρ1. 11. 1111. Κ. 8111. 111. Aug.
1358· 1110. 1115. 3881. 1150.
1013. 5107. 5315. 5078. 5081.
8111. 8111. 7105. 7198. 1111111
1111111111. 1111. 111. 11, 11. 380.

1111115.
1,.1111. 1300.
1. 11111111 (111) 0338.
1. 11111101 Aug. 1358.
1. 13111101 (111111.
1. 011101 1510.
1. 1111011101 130111.
1. 11111111 1301’ (11. 5077.
1. 11. 1111111 1383*
1. 1111111111 1381,
1. 11111 1388. 1038.
1.11. 11111 1111111100 1111111 1111111
111111111 11110111 1111111111 deum
1. 111111 1370.
1.1. 1111111111 7101.
V. 010111 11 ,1111111 1307.
1. 1111 11111 0151111 1308.
1111111111 1111111. Sept. 1358)
1377111. 1010.
0111. genetrix 1370.
1.1111111111,1. V. 81111111.

1. 111011 1371.

“ V. 1111111 Κ. 11110. 11. Aug. 1375.

5078, 5770. 5001.

1. 1111111 11101111115070.

V. 11111111110111111111. 5000.

V. 1111181 Vmerorum, 11110111 11111
1111111111 1505.

111 01011111 1180·

1111111 1081.

11111110111111 1080.

111111, 1111111 1003.

Vertumnus. 1. 1111111111.

1111110111 1001.

11111 Κ, Ρ1. 111. 111. lt. 11111. 111111.

11. 111. 1380. 1390. 1301. 1301.
1155. 1798. 1070. 1171. 1333.
1351. 3181. 3185. 5350. 5087.
0000. 111111111111111. Dec. 111. 11,

V. 1111111 1393.

V. 11101111 1111011111 1111010111·
11111 1390.

1111111111 1111 V· 5080.

Numen 111111 1133. 1131.

1. deorum 0111111111 001.

1. 111111 001. 1181. 1380. 1708.
11701071.

1110111 5831.

111111 5830.

11110111, 1. 1111111011 1.
1111111001, 1. 1111111111 v,
110111, deus -111111115010,

01111 1011111088. 1800.

1111111 1005.
11111111 tt. 11111. 11. 011. 335. 310.

1178. 1355. 1087. 188311. 1835111.
1810. 1808. 1111· 1307. 3700.
1970. 5831. 7031.
V. 11111111 111111 (tn 111111 11110 0130.
011 1. 387. 388. 5117.
1. 1111111111 Augustorum 5178. ,
1. 1111111111 0110111 1110111 111·
1111111111 1811. .
V. 1111111111 100. 505. 1781. 1805.
1838. 1830. 5570. 5811.
011111.1317.
V. 0111111111 (81111101) 5587.
1.11111.011111111111111111111113007.
1. 11111111 11. 1111111115815.
1. 1110011111. 0780.
1. 11115111 1111111111 11111. 5170.

11111111, 1. 11111 V.

Augustus 111111, 1111111110115001.

1. 1111111111 8111110111111111 1300. .1110,1. 111111.

1101.

Ι1110111, deut V. 1085.

V. 11111110100(11)11111111 7108. 1111111011,1111 - 5011.

1. 11111 1187.

V. Pettgtt 1371.’

1. 1111111 1370.’

1. 1111111111 5081.

1. 111111 111101111111373.

11111 1007. 5703. 5701. 5018.

V. 11111111 1313.
1. Augustus 1301.

1111111110111 001. 1708. 0070. tm.
Vtrum, 1. 111111.

 

