VIII. RES MILITARIS.

1001110510. 0001, 1010. 5001.

10010 xvl Ilm· 334. 3368. 3363. ·

6010. 6407.
610110 11110111 3303.
110110 010 6001103046.

1000100 364. 3303. 6404.
10111. 101101. 6010.
10111. 00. 034. 3046. 3601. 6407.

610010 00100 00. 364. 4006. 6404. 00010010 4006. 6740. 6071.

6740. 6071.
10010 XVI 001. 6705.
10010 XVI V. V. 340310.

01000110100 00011001 340010.

(1001011611 010010 0001. 100. XIII G. 601. 3376.)

60010 XIIX 601.
10010 XVIII 6111001ιο 6636.

00οο xx 0000001111. 1001. 101110.

5607. 6806. 6805.

10010 XX 11010. 3368. 3363. 3454.

3503.

11010010 1101011 133. 0000. 0054. 0360.
0760. 3377. 3460. 3401. 3565.

4073. 5765. 6010. 6660. 6671.

10010 XX 6011000100 351010.

10010111 64. 350. 440. 5000. 0030.
10010 XXI 00001 1540. 3341. 3376.

3373. 6343.

10010 XXI 0100111001) 441.

G 11 10011100 100001) 441.

000100101 601.

1000000000. 0100.

00001. 00010. 3503.

1010. 101101. 133. 6010.
1010. 1607. 161510. 6660.
00101110. 6871.

0010100011 0054.

00010010 0000. 3457. 3463.
[0001010110 4070.
1001000100101 3401.

00001. 308. 333.

. 0000001016005.

1010. 1011. 0. 01510.
10111. 11111. 6343.
0010110. 6033.
00010110 3341.
1100110001 101. 3370.
medicus 440.

§.C VI (Severum cohors VI, 101 Constans 11010101) 441. 146.

6 (6010010011) 403.

nyso 0011511001. 501. 0110. 0010.
mmmm

110010 XXII 1101000100 corr. 100. III

000. 6006.)

10010 XXII 110101001000 510. 3300.

6304.

10010 XXII 0111111οο010 730. 0105.
3366. 3363. 3403. 3650. 4374.
5004. 5406. 5456. 5500. 6500.
6507. 6640. 6310.

01110100010 010 11110110 600. 1061.

1305. 1607. 0007. 0047. 0003.
0100. 3135. 3464. 3500. 3607.
4047. 5703. 6731. 6767. 6011.
00100101000 0. 0. 1. 400.
001001010ηο 5030.
0.1.1..... 161.
Alexandnnn 5007.

(11010 xxu 001.. 1 000.)
1010 11110100

1000100 6700.

00001. 3403.

1010. 11111. 3140. 5006. 6760. 6763.
0010110. 3446.

00010010 517. 501. 504.

51. 110. 0700.

1010. 510. 6001.
00010010 3306.

1000101 5406.

10111. 101. 5500. 6500.

1010. 01111. 730. 000. 3135. 0650. 5700.
0010110. 3464.

00010010 1607. 0007. 4374. 5456. 6507.
111. 100. 6700.

001101 00111100016611.

1011110011 0001010011 101.

11001100 3607.

000110 5703.

0000100100 10000 011 00001 1111100101 6400. ’

(10010 XXIX 0000. XXX 001 XX . 3370.)

0011001. 1101001011. hun. Vol. 111.

 

