vm. RES MILITARIS. 186

11611111 1111111661 66581 11. 6616. 1. 1111111. 166516. 6666. 3631. 3366.
1. 61611161666611661111116116 3181. 6576· 5166· 6666· 6666· 6666·
1. pro 1111111111 ,1111111111 1111111· 6666·

66111 6655. 1111111111 661 61611111 1363.
1. ordinarium 1611111 1111 51811. 11111 deductione 111111611111111116·

1. 1111 11111111111117176. 61111111 6666·
1.1111111166111161611 6836· '- 66111· 1676· 6666· 6666· 6666·

1. 1611111 11116111 1111111116611111- ff& 6667·
16111 11111661 6656. XXV venalium 6636.

611111161 5560. (1.111611161111111 1111111651. 1111116111.)

vlu. RES MILITARIS.

1. 11611611616753.

16161 1111111161 6666.

11111661111166111615678. 111. 11111. 61. pr. 5678. .

111161161 6111611161 3386.

11111116111111116665. ξ 111. 61. pr. 773. 3386. 6665.

1111611111 661 111 16 611166 773.

1111111161 611116111615618.

111161161661 111 16 (1111611111 166.

1166166111 1116111 16 (1111111111 1661· 111. 111. 61. 5658. 5667. 6561.

11611666616 5661611116 16111111 5656.

111161161 111111661 768. (161 6161 expeditione 11111111, 111111611-
111111, 11161 6111166 768.

1111111111 61161661 5506. 661116116668111106111111166161116-

111111161111111161 687. 3606. num 5⁵⁰⁹·

6111161111.

11116 5680.
11116 1111611161 (61661111111111111161111161) 6686.
1111116111 1616611111 (111111 111113380.
11116 11116161 6836.
1. 0111111 1511.
Ι. 1111161 iba.
Ι. 1111611111 3386.
Nomina 1111666611 661661111816116111113368.
6616161111 1111111111 6366.
1111111111 66111661 11111111 3376.
1111111161 6736.

611161 105. 5660. 0653. 7116. trib. 6111. 5660. 0656. 7166.

111. 866. 1367. 6666.
“ 11 61111. 6665 36731.
111161 1111111111 737. 866. 1367. 6665 111111. 111. 6767.
= 6731. 3308. 3300. 3501. 3500. 1111). 6111. 3155. 5030. 5650. 5680. om,
6875. 6076. 5630. 6666. 6681. 5767. 6766.
16161111 611 11111111 6155. 3665. 3566. 6166111161 3665. 6766. 6875.
3550. 5650. 5680. 6668. 6766. 6766. 111161113556. 6566. 6676. 6766.
16161111 1111 6116111111113360. 111661111116 6681.
11161111 3531.
6611111161 3531.

 

