V. IMPERATORES ET 111111101911111111. 77

ἷι1111 93552 0111 01111111111111191111

191

1111.1111.1111.111 ΙΙΙΙ. 111(1Ῑ.
11) (1. 911) 391.

1.1.111.11.111111.1111 1119.
1111. 1111. (1. 919) 973.

1111111.111.9.111.1111
111111 (1 919) 5186.
9111 91111 11111111 Aug 1111. mn.

1111 111. 9..1111 91111. 11. 1.
1. 111111 (1. 919) 5391.
911191111111. 1111 1111111111.

111. 111. 11. 1. 1. 1111. (1. 913) 971.
Furia 91111111 91111ᾳαῦ1111 9111. Gor·
11111 111.
Furia 9111111911111111111111. 111·
111 unp. 0111. 11. 11111111 01111111
911 9111111111. 979.
111111111111111.111111 11111111 1.

maffia· 1111111111. 1. 111111111111

911111111111 Aug. 111111 1111111111,
1111111 111111111 986.
1111111 01111111 111. 98511.
01111111911111 111. 1111110111. 11
1111111. 9339.
11111. 0111. Μ. 11111111 9111111111 1111.
(unior.

11 111111911111111 111. 0111. 991.
9339. 5999.

111. 0111. 11111111 1111111111, 91111
11. 1. 91111111 Aug. 5533.

11. 111111 91111119111111111111. 0111.
111. 111111111111111111 5075.

Imp. 11. 111111 911111111 9111 911.
111. 6959.

1111.0111.11.-111. 1111. 1111, ’ .
1111. 111. 11. 111. 11. 1. 1. (1. 919)

1111. 0111. -1111111111, 976. 977. 6859

Aug. 111111111. 1. 969.

911111 Furia Tr. 111111 1111. 11. -
11111111 111. 979.

9111111 ’11. Aug. 11111111. 1. 1111.
0111. 11. - 1111111 111. 111. 5391.

111111111111 Aug. coniux (1.1. 11. -
9119111111 Aug. 979.

Tr. 911111 Aug. 99.

1111111111
C. 91111191111111111111 11111ιί11111

’1111111111 5531.

1111. 0111. M. 11111111 9111111111 9111.
senior.

0.1. 1111. 11. - 9111 91111 111.
5990. 0859.

11111 1111111 1111115533.

11111111 11 111111111111111111111111
1111. 0111. 11. - 9111 Felix 11-
111111111. 1111. 1111. 1. 1. 983

1111. 911111111 Aug. 9339.
911111111 16.

1111. 0111.11111191111111191111111.
1111. mu. 1111. 111. 1.1. 1111.
(1. 911) 5199.

9111 91111 111. 1111. mu. 1111. 111.
1. 1. 111111 11. 914) 5193. 5195.
9. F. 11111111 111. 91111111 (111)
mu. 1111. 111. 1. 1.111111(1.911)

1111. 1111. 1111. 111. HV) 111. ΙῙ.
1. 1. 111111. (1. 917) 55-3-9.
1111. 11111. 11. 1119111111. 1. 1.
111111. 919) 6959.

1313111111. 1111.111.1.1.111.980.

Mareia Otacilia 91111191111111 111.
1111111 01111111 911111 1111911111
1111 111111111. 1. 5539.

1111. 0111. 0111111110111111111 Traianus
Decius 1111.

Q. 1111111111111. 11. 11. (1.111·
111111) 965.

1111. 0111. 0. - 1111111 Η. 111.

11. 1111111111. 1. p. (1. 919) 507.

1111. mu. 11. 111. 111. 1. 1. 111111

. (1. 919) 5531.

1. 11111. 111. 111. 11111111.1.(1.
950) 1910.

1. m. 1111. 11111. 111. ΙῙ. 1. p.
(1. 950) 991.
11111111 9111 91111 Aug. 1. 11. 1111.

ξξὲ 111. 11. 1. 1. 111111 (1. 150)

9111. 91111 Aug. 1111. 1111. 1111.
111. ΙΙ. 111. 1111. ΙΙΙ. 1. 1. 111111
(1. 950) 5535.

Ρ) 1 Fam 11111111 Aug. 1. 111. 1111.
111.111.111.ΙΙ.1.1. (111111.
11111 111111. ΙΙΙ) (1. 950111
9511) 5997
ρὲἐιέὲιωιι. 11. 1.Ι 111.1.1.(1.951)

9111 Qu 1υέ 1111. 1111. 1111.
111. 111. 11111 (1111. 111). 1. p.
111111 (1. 951) 993.

011111 111. 111. ΙΙΙ (1. 951) 5137.

(cf. Herennium 9111111111 11 9111111111
Hostiliam.)

1111111111 0111111111 9111111111 1111.
11111111. 1. 01111111. 1111119111

11. 111111111. 991.
9111111111 111. 111111 Aut 1. 5991.

Q· 1111111111 1111111111 11111111 11111111
0111. 999.

 

