11. RES sacm.

1551111111111151. Κ. (1151. 11. Aua: 11551151 1111111 1143. 1345.

11. 111511.

1. 11 SC. 51511511111111111551111
1113111155 1111115 11115111 111 11.
11. 11. 11151115.

1. 11 SC. quod 15111 111 11111 Aug.
15 0111155 1111111 1111111111 111Κ.
11111. 11. 15115.

F. 1511111111515 Κ111. 1111. 11115.
15. 1111115.

Cereri 51051 Aug. 11445. Κ. 151111.
15. Aug.

Concordiae 111111Κ. 11. 11. 11111.

Conso Κ. 11111. 11. 11. Dec.

11111111 Κ. 11. 11. 1155.

15111 Κ. 111111. 15. 051. ,
⁰ Fortunae 8415. Κ. 111111.
15111511 Κ. 1115111. 11111. 11. 15115.
1511 Κ. 11551. 11. 11115. 155151 Κ.
11111. 11. 151.155.051.; Κ. An·
1111. 11. sept. 11145.

115511 1551511 1115511111 Κ. 11. 11.
11111.

11111111 890. 1471. 1711. 31411.
3153. 3154.

Libero 15 Campo 1111115 Κ. 1111.
11. 1111115.

15511 15 11151155 Κ. 11. 15. 11111.

Hm! 11111. 11. 111. 111. 11111.

, Neptuno Κ. 1115111. 11. 15115.
051 Κ. 111511. 111. Dec.

Portuno Κ. 111111. 111111151115.
8111115511. 11511. 11111. 11. 1115.
1111511 11111 1551155511( 11. 11.
1111115.
111111 Κ 11. 11. 151.
111115 11. 11111. 11551. 11. 11115.
15111151. 115111. 11.*11115.
Ferme 115111151111 11111.
15111111Ιί1 Κ111. Mun. 11111. ι. Oct.
1511111111 Κ111. 11111. 11. 111. 11. 151.
151551151111511 11118

1. 11511, 1115111, 5115111511, 1115115
1151515 11 1511111111 1481.

Ex 5111151111 15115111 1151111111 11111
11. 411114.

1111111111 Κ. 11111. 11. 151.
61511111 11111.

1111111511 1151.

1111511111 11. 1151. 151. 11, 5. 581.
1115511111 Ε111111Κ. 111111. 15. 051.
1111551111513111111 5351.
1111111511111 Κ. 11111. 11. 111. 111.
1111111 Κ. 11151. 11. 111111.
111111111111 Κ. 11. 111. 1111.

111 111151 1187.

1.. 11 1115 15111 1151111111511 14811.

1.. 1111 1111511111 6110.

1.. 15 111 1511 1111111111 14111.

1.. 15111515 15551111 1111111151511
(ubl 1.) 1418 .-. 51111.

Leges 1111 1111111 11 1115111515111
14811. 14111.

111111111Κ11. 1111. 11. 1111115; 151. 11,

5. 380.

111111 111511, 15115 1111111731.
111511 1111111111 (1) 33411.
11111111Κ111. 1111. 11511. ,15. 11115.
1111 51111111 111 Kalendarum

L. 11 Circo 1111.

1.. 151155. Κ. 151111. 111. 1151.

1.. 1155111111 Κ111. 11111. 11111. 111111.
11111111511145.

1., Aug. Κ. 1111111. 111. 011. 1145.

1.. 11115 1555115 1111115111 111511
Κ11. 11511. 11. 011.

1.. Cereri Κ. 11111. 111. 151.

1.. 111111111Κ. 111. 11. 151.

1.. 115111 Κ111. 11. 11111. 111. 151.

1.. 115111511545.

L. 15 111115 15111515 11515155 11111
11111. 1115. 11111. 15. 15115.

1.. 15115511 55111111 Κ. 11. 11. 151.

1.. 11111 15111 1111111 Κ. 111111. 11.
15115 1445.

L. 1111151 Κ11. 11551. 51. 11111.

1. 111111 15 131115 11. 11111. 11. 11115.

1.. 11. 11. 11. 1. 11151115111 1111.
m. 11. 11. 151.

1.. 511111 15 111115Κ111.11111. 111111.
51. 1151. 6145.

1.Ι 11511151 111511Κ11. 11111.11.8151.;
11. Κ.11111.

1.. 1115511151 15411· 1550.

1.. 115151111 Κ. 11111. 15. 011.

1.. 115151111 1111111111111 1111111111.
11111. 11111. 11. 151.

1.. 151111 515 111115 1115. 01111111
11111 1. 1551111 5511111511 11111151
15110511115111111551181111511511.

1151111111 ΚιΙ. 11111. 111. 11151 111. 11,

5. 380. 5381.

1511111111 11 15111511 111111111511111.

1.. 11151515 1151115111.
1.. 1551111 ’11111 3141. 111111. 11871
5ῘῘ5111257115111111 1111.
1.. 1151 censoru 148115.
1111111111 1387.

Lutum 15115111511 11511115 1111111111 151111115151111413154431.

57171.
1111115 151. 11, 5. 380. m. 11111.
115111 15511111 111. 1435.
11511111151515 11. 11. 11. Dec.
11115111Κ111. 1111. 11511151. 11115.

15111515 11111551155111111111115111111511·

151 11111.

111511151511 515151111114111. 1410.
1111111111 Κ. 11111. 11. 111115.
1111111151111 5111. 11111. 11111. 11. 011.

 

