36 vn. RES PVBLICA ROMANORVM.

Stellatina bug. Tauria. 766 (1). 6666.

6676.

1166616611 3655. 3661. 3666. 3663.

6666. 6160. 5166.
Fara 711111 5106.
11611616116 5166. 7671.
1116666116 6065.
1166166 6576. 6561.
Tarquiniis 7056.

Urbini 6665. 6665.

Suburana, 1166116 760. 3066. 3067.

606616. 6566.
7616611611, 11111111 5167.
111616 6657.
61161116 160.

Casini 665711). 6767.

1116161611 6611. 6166.

011166 6106.

7661111 6666. 6776. 6666. 7166.

Tromentina, Aeserniae 6677. 6657·

16 61161116 6661.
6611161. 161. 7661.
61666611 7066.
Minturnis 6617.

Perusina 65. 67.

6616666 506. 5607. 6665.
1661161611611. 6667.
76111 6666.

761166, 166116116 6651. 6066·
11111161 6606. 6666. 6666. 3600
Cinguli 3616.

1161611666 7676.

71161 6666. 6166. 6666.
11661116 166.

Ligurum 6666, 5657. 7058·
61166111 7177.

Pessinunte 6675.

Patra 6666.

11161616 5165.

76111616, 16166 161116 167.
nunu 6611111 6156. 6666·
1111166666 6615.

11611161 5676.

1161611666 6611.

11616 161. 76666116065.
Fora August. 5606.

6666166 656 (1). 656 (1). 657.

Nemausus 6157. 6566. 6566. 5667.

Nouioduni 656 (t). 656 (1). 617.
6111116611 3665. 3766.

Rornae 6676.

666616115666. 5667.

76161661 5176. 7167.

’1616166 3551.

7166666665. 656. 6706. 6666. 5601.

Voturia, Aquileiae 6666.
66116161 65. 6366.
011166 7011. 6605.
1166166 605516.

ἢ.

7616616 660.
7166666 6660,

(pra 7616111 inuitur 7616116 6755,
1666 incerta.)

Da tribubus cs. 661. 11, ρ.11-66, 611116-
666 ipra ad n. 6065 adnotavi. Coto-
rum 1616116666116 proposita 666
tantum inscriptiones 6666666166·
tur. quarum tribus auns probabiti-
1616 quadam cartis iacis 6111166616
iiruit. ss. prasiana 61. 6161616611,
dis 1166116666 Tribus in butariscbsr
u. 66661661116661661161666,2166111.
1. 1116116661161116616116111666, ρ.
6151666.

Tribus, quas 11161161 militares. 6616 16
tribuum numerum admissas u. ad
3065. Sunt autem:

16111 1760.
Augusta, 161. 11, p. 16, 6.
1616111, 11111. 7.
Tibris, 161. 11, p. 16, 60.
111111 a 6 s 15, 63.
Uibi· 6 1 s 18, 53.

Tribus 1611661
16611 161. 11, a. 16, 6; 666. 11, 1.
ermannus» 161 6 s »6.
Cirtas
Ciueutts 6076’;
(1611160751
1161611111 161 11, p. 66.
1161611 66761 161. 11, p 66, 11, 6.
ΕΙ s 11 11 1 6 7.
1111666066 6 6 a 6 118.
Minucia 6 6 u 1 si).
1711616661 s 1 6 u 1 10.
0611661166166616. s 6 s 6 11.
611116 161.,..11616166ς 6116.
Pinaria 6 u 1116, 36.
616161, 66661616 6066 s 11,.6
6661111116
6161161161 6067
76161166
76166661 6066· 6675.
761. 161. 11, a. 66, 11, 16. 6066, 6060.
Vei. 6 11111617.

Adur antiquissimas tribus 11661611 11161-
6661161671116611661,16661116, 661.
11,6.66.1).

11613.
sunl.
11665.

6. Ssnaius.

6661161 ponaturque Romanus 6. 6. 66.
66. 566, 715. 756. 756. 700. 766.
666. 616. 106611666666. 6661.
6666. 6666. 5660. 5667. 5657.

6666161 666611 1166661 666.
1661161 6111. 5566.

1. amplissimus 66. 6171.
611616611111666 660. 6656.
6166 6666161161 766.

 

