111 vm. Rus minitantis.

Centurio 307. 0303. 0178. 315110. 6618.
0780. 7115 (t).
c. 10010111101 01001111 11011110 3151.
3733. 0770001.
0. 01111001 337110.
c. 000011101 3100. 0785.
c. supernumerarius 6785.
0110101111011110 10110111 praepo·
111016787.
00110110 praeponitur operi marmorum
monti 011001110 5308.
100101100011 promotio 000 ratione
sacta 111 3151. 3155. 3157. 6767.
0. ordinatur 11 equita 8011110 15
0010110 imp. ti. 111. 11101110100.
677ος cs. 0101.
stipendia centurionica 3155.
0, praetereo 1000.. 00111. 010, 011,
010, numeror 001101.
011011011οε, principer, 51111101 0. 000.
01101101 3111.
000101111111, 0. cohi. 010,
Comiter 110101010 omnes spurii 3110.
000011100101 3557. 0816.
Cornrnanupiartr 3555.
000101111111111110100011 iii Antoni·
1111110131871 o, 1100.
1 commentarii· 31611 0. 00111. 010.
1 comm. 0011011111 035.
0011011011 300.” 3551.
00111101013550. 0815.
Contubernalis 3517. 3556. 3557.
00110111111 3580.
1 000111110111115010000. 3505.
00111001,0. cotir- pr.
00111001111010013. 3173. 3180.
0. 110100. 6770.
0110 iii. 101011111111111 3137.
0, 00110111 Gaiiicani 100. 100. 0770.
01001011 corniculariorum 1051.
001100, 10111. 01., urb„ 010.. 00011.
010011101111103157. ·
Curatur 080ος cs. tn 0010110 0111101101.
01οΙ 0011101, 0. coit. pr. 11 urin
001. 00011101. 110110100. 6800.
001. 11111101οω 3161.
0. veteranorum 3111031008. 6851.
001101 basilicae. 0. 1100.
0. vivarii, 0. coiit. pr. 11 urb.
Cuttor armorum 1037. 3101; 01. or·
mor· 001101.
11000110 517. 0780.
0. 01 111001111 5710.
0. 00111. 0001101 0101.
01000101 11 001011111 0050. 0000. 6011.

, 1100101 00501111 1700.

0. 11011111. 3107.
0011101 00111 001.
0. 01111 mutuatu· 1010.

0011101001011 11101 6767 ,· ef. 3571.

0. corona murati 50110 11111100 3307.’

0. 011110111001011 700 cp. 301010.
001011 011111013573.

001011 1101111 3573.·

00111 0011101 1010015. 1111111110. pn-
ierir. corona 1111111 710.

0011110111. armti. 01111. 00101. 1501

0. 51111 001111 corona 10111 301.

0. 51111 0011 001011 1111111 wi.

0. 00111 1100111501 corona 1111110
51111 0011 501730850.

0. cor. rai. i. item 101101. 357010.

100101115 1110. praemia dupiicia 0851.

001001 muniit, 51111 pura 1100111
1001 1100110 1111010 05 virtutem·
11100111111111100. data 3575.

0011101 00111 111111. 511111 001111111,
1010011111, 0010110111111, 001011
murrii. corona clenica, 001001
101015110.

511 00111 101111. 00111010010111110·
1111501 ii, raiiartbua 11, au'r. 11,
511111 0011101101111111101715177.

· torquatus: 1111010855.

111516; c!- 0100.

1010011 111101 1581.

00111 0011101 151010. 0111. 000. beti-
101. 51111. 1111110. 1010. acantici
0511. 1111. 350510.

0. 0. ubres 01010010 011111 000111
1110101 1010. 051111. arm. 0767.
0011101 5110100111 001501 01 coro·
nis 111111 15 0110100. 01 Ti. 010·

1110100. 0000.

0011111115 Ti. 0111. 100. 1. 1000110
torque maiori 511100110111001581.

00111 0. 1 0110 0111010 50110 811111-
1110 torquibus, 111111111, 05110111,
001011 10111 3508.

0. 0. 51110 0111111100, 1011101101, 11·
mritis, 051111110707.

0. 111111. 0. 1511100010111110100.
torquibus. 11110111,05111111,001011
aurea 3153.

0. 15 1110011011. 511111 00111 1111,
00111111 1111, 0011111 1111 vallari.
1101111, classica. 101016105.

0. 0111111. expeditione Suebica 01
Sarmatica 001. 1101. 001. 1111. 001.
111. 5111. 001. 1115. 101111. 1115.
(propostam) 0010.

0. 0. 111110 0010111110 cotoneum
5111. 0111 3051.

0. 015 1110. 0110111110 01 Tito 1010.
511101001100, 15 1110. Traiano 1011.
010. 6777.

 

