11. GEOGRAPHICA.

Dlvl 7111111 1161. 1163. 9631. 3161.
6166. 3576. 5677. 5676.

1111111 1160. 1163.
6111111111111111. 6111. 11. Aug.
1111111 Agrippum 5006.

61161111 65. 6099.

6111117933.

61111166.

111111 1111111111 9660.

Cocceium 6660.

6111116111 1669. 1662.

’1111111 6660. ··
1111111161111161111 0161161111 7391.
11111 116111 97.

111111 1111111111 60.

1111116976. 1111. Pr. 1. 111.

1. 61111111116331.

Loretum 1111111111. 11111. 1. Aug.
11111 1111111111 1111. Pr. 1. 1611111.
Lucus 11111 0111961. 1796.

11610111 1676.

11610111 5633.

11 11111111 (11 111 11111) 9617.
61111111111 (Augustorum) 65.
1611111111 1161111 5096.

61111111 1116111 9699.

11111 11111535. 3169,

6111111565.

16 161111 (111) 6.
9111111111119111,61111605760560309
9111611136.

6111111111 1. 710. 611.

Pons 61111111 1111. 6111. 1111111611.

Gratiani 1117,

Pom 61111111116095.
’1111111111 6910. 5091.
Porticus 11111 1067.
611111111 66.·
01111111 9653. 6970. 6971. 69731
1. 616111161111.
9111111111 5592.
111111616600.
9111111 611111111116570.

1111111 11111111 111111111116967.
91111111 (11 11111 111111) 6061.
111111 6111119353.

61111111 xlm 111611 5= 616. 6666.

regio 1111111 5. 7.

ΙΙΙΙ. 16.
V. 9631.

11111. 5. 769. 1655.
11111111 61111611111166651
11111 111111611116966.
1111111 1136.
611111116166. 6156. 6196. 6911. 6999
6306· 6309. 7966.
111 111116163. 6166. 6109

6111111161111 3096.
61111 ΙΙΙΙ 5067.
616111. 11. 11111111 9509.
61111111111 1111111111 111111196.
611111111 (111111 6111116111 5063.
11 1111111 911111 5660.
616111 11111 6.
616111 6605.
6161161111 6111111111 6676.
’1161111111 61 = 3967.
Templum: 1111111111 6307.
11111 1111111161111111111 6669. 5590.
6657. 6659.
11111 Ausum 116111111111111. 1116
11111 91111111 9666.
6111 6111111 9369.
1111 690.
11111 Pi! 3576.
1111116111111 111111111 159639516.
Theatrum 11111161 1111. 61111111.
1111. Pr. 1. Am. 33.
9111111 5090.
6111111111 6591.
Aug. 11111111116065.
11111111 61111111 9691.
16111111 9591.
’1111 9591.
’11111111 15.
1111111 9591.
111111111111 5099.
Philipp! Aug· 16.
611111111111 1066.
(111111111111111 1167. 6396.
1111111190.
61111111 66.
7111111 1111111111 11111111161111111
6111111. R. 1161111111156666666.
611161115066. 5067.
61116111111 1665.
16 6111111111 5665.
61111 1116111111 66.· 1666.
61111111 6905.
1111111111 769. 9661.
1 Cyclopis 7.
11111111 3067. 1111111111. 11. Aug.
1111 6111. 667.
6111111111 reg· Vll 1667.
pub. 6176.
1111111111 1655.
611111111111 16.
711111 6971. 6966.
611111111111111 1116111, 1, xm, ¹11,
1111111115.

9. 61111111. Pom. 011161. Pani.
7111. Vm 111.

1161111 3616. 6667. 7167.
66111111 3316.

6611611111 11691161. 6696.

”mnf am· ·

 

