V. IMPERATORES ET IMPERATORVM 9111111111 71

111. 1. 1. 1111. 111. 5191.
0111191111111 1101. 0051.
111111 9. 111. 898·
1111111 91111111 11111 71191.
lelt ΗΜ·
Ft. 7111111111. 9111111111111. 895.
Ρ. Helvius 91111111 011111895.
Didius 11111111 1111.
11111111 11111111899.
Clodius Albinus 011111.
οΙ. 11111111 0. 1. V. 0. 900*
11. 01111111 811111111111111111011111
901. 8031.
1111. 0111. 1.. 8111111111 81111111 1111.
1111. 0111. 1.. 8111111111 8111111 9111
91111111 11111111 5151. 5198.
1111. 0111. - Pertinax 9111. 111.

1111. 0111. - 91111111 111. 9111
9111111111 111111119111111111 1811-
1111111 5317.

111. 11111. Adiabenicus Parthicus
1111. 1.1. 351.

9111 91111111 111. 11111. 1111111.
911111. 1111111111 1198. 5077.

91111111 111. 1111. 11111. 911111.
1111. 5191.

9111111111111. 111111. 911111. 1111.

9111 91111111 111. 11111911111111.

1111. 8111111 111111111111111 1.1.

1111. 0111. 1111111111.. 71111. 11111
911 montanarium pron. 11111
1111111911111. 11111. 0111111111
111111. 1111111 11111111 811111) 917.

1111. 0111. 1181111111118111111111.
9111 919.

8111111 911111111111 111111111111.
11111. 1. 1. 1919.
811111191111111 111. 5178. 5831.

11111. 0111. 111. 1. L. - Pertinax

1111.1..- 91111111 111. 0039. 8511.
9111 91111111 111. 1315.

L. - 91119111. 1111. 111. 8919.

1111. L. - 911191111111111.9111
91111 8753.

1131έ80111. 1.. 8110111118111111111.

1). 1. 1111. 1.. - 111. 9108.

1111. 1.. - 111. 3113. 1915. 5510.
1111. 1.. - 0111. 111. 938.

1111. 0111. 1.. - 81111115508·
1111. 1.. ·- 81111115853.

1111. 8111111111 8111111 001.

L· - 8111111111. 8079·
Imaque& 8111111911111111 111.

0. 1 11111111 11118111111111111-
1111111. 1918.

11. 1. 81111115197.

1111. 8111111111. 3157. 3901. 5195.

111. 81111110778.

1111. 0111. 81111115898.

11111. 8111111 179.

8111111111. 918. 919.

1.. 8111111111 8111115081*

· 81111110751.

Divus 8111111111 811111191111111.
1111111. 911111. 1111. 1111111111. 3739.

01111 8111111 111. 9111111111111.
1111. 11. 1111111 811111 11111111
911 1111111 Aug. 5500.

111111 91118111111 5199. 5595.

111111 8111111 11111 11111111 911
9111111111. 5500.

111111 81111111101 1111 11. 111111.
1111111111 1111111111.

Numen Augustum 8111115511.

1111. 011111 Ι.. 8111111111 8111111
91111111 111. 11111111. 1.1. 11111.
111. 111. 1111111 11. 193) 898.

1111. 1..- 91111111 111. 11 (1.191)

1111. 0111. Ι.. -911111111119111
111. 11. 1. 1. (11111 191-901111181.

111. 1. m. 11111. 111. 111. 1111. 1111.
111. 11. 11111111 18111111111111111
1111111 (1. 195) 903.

9111 91111111 111. 1-1111. 111111
1111. 11111110. 111111 1111. 911.
111. 11. 111111. 1.1. (1. 1951938.

Imp. 0111. Divi 11. 11111111911 1111-
1111111 8111111111 1. 0111 0111111111
111111. 011111111111911 11111. 11111
111811111 111111. 01111111111911-
11111 11111111 11111 1111111 11111111
1.. - 9111 91111111-111. Aga-b:
111111. 1. 11. 11. 111. 1111. 11117111.
111. 11. 1. 1. (1. 198) 901.

1111. 0111. 1.. -· 911191111111111,
11111111111111. 1111. 1111. 11111. 111.
ΙΤΙῙ. 11111.9“1Ῑ1”. 111. 11. 1. 1. (1.
1981908.

11111. 111111.- 9111112-1111. 11111. 111.
ᾗ. 1111. 111. 111.11.111111.1.1.
(1. 198) 905.

1111. 0111. 0111 11. cett. - 9111911-
11111 111. 11111.111111111111 91111.
11111111 11111111-1111111111111111-
111111111 11111. 111. 11. 1111111. 111.
fi. 1. p. (ι. 1111111111. -

1111. 1111. 1111. Qu· 9111. 11111. x1.
111. 1111 (corr. ΙΙ) 111111. (1. 900)

1111. 0111. L. -911191111111111-
1111. 11111. 9111. 1111. 1111. 1111.

 

