166 VIII. RES MILITARIS.

661. 1. 1111161111 313. 1111. 313.
661. 1. 1161161111 1111111 68581.
661. 11. 1111161611 6851.
11. 611161.11116661111685.5663. 11161. 685.
161. 111. Gaiior. 5618. 6566. 6851. 61161. 6566. 6851.
161. 1111Ι 611161. 6663. 586611). 6851. praei. 6663. 5866 (1).
coh. V. Gaiior. 5638.
6611161. 61611. 3651. praei. 3651.
161, vii. Gaii. 3515. 1111613515.
661861611161. 165. 61161. 165.

cu· 1· ῦωωω ⁴⁹⁴⁹· ⁰⁶2⁰· 1111116..

661. 1. Hamiorum sagittariorum 5661. praei. 5661.
661611 1166161111 3136. praei. 3136.
661. 1. 1161161. 611. 618. praepositus 611.
661. 1. 11616111. 6861. trib. 6861.
661. i. Minnanorum 3381. 5661. 56361 61161. 5638
5666. 5655. i 166161163381.
1. 1111611. 61116866. 1111. 866.
1. 1111116. 6111661115663.
I. 16111 1111111. mii. 6111116116. 1111. 6136.
1. 811111 ilion. ω aa. 1111. 6111.
1. 611111 111116 1111111111. 1. 11. 5163.
161. 11. ilion. 5661. 5668. 5636. 6866. 61161. 6816.
11. iitro- 61. 1. 11. 6166. 1111.. 6166.
661. V. iiiap. 5618.
661. 1. 1111116 111111111616. 1611111116- 1111. 6168.
¹ rum 61681 116111661111161161111.
661.1.111116611115858.5651.5656. 5663. 16111615656.
161. 111. 1111661. 6661. 1116616661.
661. 1. Lauiniam 5666.
661. 1. Ligurum (1) 6686. praei. 6666.
661. i. Lingonum Gordiaaa 815. orari. 815.

eon. 11. ungarum 1161. 6661. 6165. ffigffssgj·

ii. Lingon. 6111116638. 6111166311.
161. 1111111661. 5666.
161. 1111116161. 5686. 6166156811.
661. 1. 1116111111 5668.
161. ii. Lucemium 6851.
661. V· Luciam. 616111161615661; cs.
6611. V. 6111161161. 161.
661. Lusitanorum 663. praei. 663.
161. 1. 1611111615661. 5638. 5638. 61161. 5638.
68511.
1. Aug. Iuaiiaoor. 5633. 6513.
1. Luaitanor. 6116111116851.
111. Iuaitanoruna 68511.
661. Maur. 616... 568. 11111568.
161. ω Maurorum 3661.
661. 1. Menapiorum 5655.
661. 1. Montanorum 3888. 5668. 5638. praei. 3888. 5639. 6111,
6111. 68516. ’
1 611 (1111 Montanor. 5636.
661. 1. Morinorum 5666.
661. 1. Nerviorum 5888.
161. 11. Narriorum 5655.
161. 111. Nerviorum mii. 5655.
161. 1116111616615651. 5655.
661. 1. Noricorum 5668. 5636.

 

