ΠΙ. DII. DEAE. MYTHOLOGICA vAmA.

11. 1111111111 1111111111111011 1108.*

01. [1111111111 1503.

Deus M. 01111111 1107.

11. negotiator 1110.

01. 1010111111 1109.

01- 1110110010.

01. 111111 Thysdritanae 111111111111-
111 11 11111111111530ος 115691.

01. 11011 111311. 1111 (11111111 111-
11111111111111 ortus).

01. 1111116.

01. 01111101 111111) 5917.

01. 7111111111 5903. 5001; v. 1111111111.

0001110 11111 1111111111011111111111
0111111117.

1111111 0100.“

01111111 111. 11; p. 381. Κ. 01111. 011111.
11. {unio 317. 730. 1173. 1003.
1078. 1070. 1080.1307.1838,1055.
1393.1119.1101.1100.18100033.
0051. 0050. 0133. 0180. 0007. 0000.
0135· 0507. 3016. 300011. 1091.
1013. 10715011. 5333. 5500. 5000.
5911. 0095. 0136. 0137. 0810. 8703.
0857. 8850. 0865. 7057. 7180.
7119. 1111111 11. 11. 01111. 111. 11,

0111011101 1901.

01. Aug. 17111. 7010.

01. 011111111131. 1969.

11. 0111111111, 0111111111 1130. 0308.
1. 01. 0111111111.

01. 010110111111111103.

01. 1111101111) 808.

01. 11110111 1101·

01. 1111111111 1105.ί

01. 01110111 5699.

01. 1110111 0100. 0831.

01. 11101110101101111111101100.

01. 1111111107. 1108. 1109.

01. 0111111111 0309. 0330.

01. 111111 6777.

111101115780. 6331.

neus 11101111 1010.

1111111111 11110111 0317. 0350. 6039.

11111111 11101111 1111111111 5817.

Summus invictus 01. 0351.

01111 11011111111111111, 1. 1101111011-
1111111 deun.

01. 11111111, 1111111110111111111 11·
11111 1100.

0101111111111 01. 195. 1001. 1881.
1008. 1001. 0319.

0111111111111 08091.

1111110101111 150. 5983. 6301. 0756.

1. 0. 11111111 1030.

11111111 5810.

Deus magnus 6011.

0. 11. 01110111 pollen· 11111111 0011.

11. 01111011110353.

01. 01111111 0111111111 1818.

85

01111 1111111101. Cautus 11111111, v.
01111111 11111.

0111811011111111 1911. 0510.

811 11111111 01. 1911. 1918. 1919.
0318. 5015. 0030.

1111118111111111101.1000.1579.1909.
19151900. 1903. 0335. 0350. 5811.
0010. 0685. - 1111111111 00100.

11. S. 1. 01. 111111111015.

0. S. 1. 01. 11111111111110101111111111
11 1111110111] 1051.

Ι). 3. Ι. 01. 11110111115817.

Numen invictum 0. 01. 5015.

01111111110111011111111110100101.

Deus 1101111811 1910. 0311. 3585.

8111101111 1070. 1597. 19171910.
1005. 0310. 5851. 0137. 81111-
111111 pacifer 110.”

1111111111 811 11111111 1111111 deus

0111 11111111 8111111111 5855.

811 1111111 1013. 1900. Vide pne·
11111811.

01111111, v. 1011111111 01.

111111, deus - (Mogonu) 0001.

0111111111, v. 011111 0111111101.

0111111, v· 1011.

01111111, 0111111111 1. 011 01.

0111111 0107.

01111111, 1. 1111111.

Moritasgus. 01111 - 0008.

01111111, 01111 —- 0007.

1111111111, 1. 0111111111.

0111111 1101· 1800* 0000. 0870. 1801.

01. 111111111855.
11111111 6110.
Nam. 011 -Ι 5903.
N. 1011111111 5031.
Navem. 11111111 01111 - 1930.
0111111111 1000. 0103.
N. 8111111905.

0101111111. 011 -.- 0009. 0030. 0031.
0771. 0775. 3910.

0111111111, 01111 - 1015. 0030. 0033.

Nemesis 5800.

1111101101.

N. Aug· 1707.1788.1789.

01111111111111 regin· 1111111 (11011)

111111. regina 7003.

Virgo 1111111 1111111 0110. 1791.

N. 111111 campestri· 1790.

ΔΕΣΠΟΙΝΗ ΝΕΜΕΣΕΙ 1111 zw-
ΝΑΟΙΣΙ 6001015800.

0111111111 5808. 5901.

Neptunus K. 0111111. 111111. 11. 111181.
931. 1307. 1300. 13301330. 1338.
1835. 1330. 1337. 1338. 1310.
019011. 3507111. 5060. -1111111
0111111111. 0101. 111. 11, 1. 880.

 

