111. DII.. DEAE. MYTHOLOGICA vnnln. 91

Ι. stygin 1319·

Ι. 91111111 131111.

1111111111 genn 11111 feminarum:
1111119111 991. 1788. 9979. 1171.
1. 111111 1880.

1. 111111111111111 1881.

1. 1111111111 Aug. 819.

1. 1111191111 999. 1319. 1999. 1311.
1899. 1319. 1997. 1998. 17991799.

1111111111 1599. 1593. 9199.

1. 1111111111 1999.

1. 9111119988. 9981.

1. 1111111111 1391.

11111911 111. 11. 1. 381. 1111. venus. m.
11111 11111191. 179. 359. 517. 518.ι
598.Ι 799. 991. 1178. 19791117.
1978. 1798. 1895. 1819. 1391. 1893.
1999. 1993. 9118. 9119. 9111. 9997.
9979. 9999. 1199. 5959. 5958 5719.
9117. 9115. 7191. 1111111 11111111.
lun. 111. 11, 1. 981.

11111911019111111111111191.·18911.
997. 998. 999. 399. 339. 919195.
599.’ 599. 895. 815. 999.’ 997.
995. 931. 979. 1975. 1179. 1919.
1911. 1919. 1917. 197919771989.
1379. 1393. 111311119511. 1158.
11891959. 1951.1995. 197911.
1975.1977.1989. 1999. 171911.
1799. 1899. 1899. 1899. 1891. 1917.
1999. 1998. 9951. 9959. 9191. 9119.
9199. 9999. 9999. 9199. 9599.1
9779. 9019. 3988· 3995. 9995.
3991 = 1911. 8319. 3999. 8119.
915111. 3515. 3917. 9995. 3781.
9855. 391919181991. 1995. 1983.
1138. 1995. 1915. 1977. 1978.
5197 (9. 5111. 5137. 5111. 5913.
5919. 5971. 5971. 5978. 51995199.
5181. 5199. 5991. 59191. 5913.
5951. 5955. 5917. 5779. 5819. 5881.
9119. 9599. 99889989. 9999. 9191.
9999. 9799. 9719. 9759. 9789. 9835.
9897. 9898. 7919. 7911. 7997.
7399. 7119.

1. 0. 91. 1111115919.

1. 1111111111 5911.

1. 0. 91. 9111111111 3119.

1. 1111111111, 1111111111119955.

1. 1911115139.

l. 0. 91. 91111111115919.

1. 1111191111 1999.

1. 111111 1111111111 1919.

Ι. 1111111111 191811.

1. 1111111111 1999.

1. 0. 91. Appenninus conservator 11111-
1111111 nnn. 11191111111111111 11911111·
1111111111 inventorum 5919.

1. 11111111 9991. 9915.

1. 0. 91. 1111511111 1111. 5911.

1. 1111111119911.

1191111111 9989.

l. 0. 91. 11111 honarum 111111111-
1111115915.

1, 1111111111111 5919. 5917.

1. 9111. 1999.

1. 91111111 1998. 1999.

Ι. 0. 91. 111111111111993.

1. 1111111115918.

1. Caelius 1559.

1. 911111911111993. 9971.

1. 911111 1991.

1. cernemus 9987.

1. 0.11. 9111111111, 1111111111111-
111911 11111 1911111111.
1. 0.11.1111111111111918ε1991.1995.
1999. 3511. 3991. 1989 59191.
1. conservator 1111911111 rernm 1119.
1. 0. 91. conservator 111111111111111
Rosciorum 5919.

11111111 1997. 1997 not. (11.) 1981.

1. oholi. 1111111 1111111111119187.

1. 9. 91-9111111111111999.

11111111111999. 1931. 999911. 5919.
5991. 9751.

1. 91111111 5999.

1. 9111 (Ι. 9191911111) 5989. 5911.·

1. 9191911111 915. 5917. 5998. 9753.

1.0999119191111)19111199.1139.
1191. 1195. 9193. 9591. 1959.
5915. 5999. 9519. 9981.

1. 0. 9991911111) 97.

1. 9. 91111111111191919111111 1989.

1. 9019991119. 9011911119) 5919.

1. 0. 911111111111111.

1. 19111111 (1111911111) 1197.

1. 0. 91. 11111191199115999.

1. 9111111111 591, 1111. 5958.

1. 39111111111, 1111111111911. 1938.
93111.

1. F. 11111 11111111 omniun 1938.

1. 111111111191111 5919.

1. 11911111915939.

1. 0. 91. 1111111. Ful. 1199ε9819.

1. 1191111111. 1111111911.

Geminus 1. 0. 91. 1919.”

· 1. 1111111111 1911.

1. 0. 91. 9111111919. 5931.

1. 0. 91. 1119111911111 1115. 1819.
5185. 5993.

l. 0. 9.11111111911111111111.11.1719.

LO· 11. 11191119111111 contemtor
11111191. n. 91111111 111 111. 1111111 ,
1115911.

1. 91111111111111) 8999.

1. 1111111111 59931.

1. 1111111111 1919. 5991. 5995.

1. 11111111 1111111111 1111111111 nonun-
11111 1111111111. 91. 111111. Antonin!

, 121417. 1. 1. 1111. mu. 11111. nu.

 

