111. DII. DEAE. MYTHOLOGICA VARIA. 87

Ρ1111111111588.” 8111111, ι. 81111 S.
Ρ1111111 11. 11111. 8111111111. 11. 111. 81111111111 5910.
11111 P. 158511. 8111111, 1. 8111111.
Ρ11111111, 1111111111 1111- 1981. 8111111111, 1111 - 1011.
111111 1111 Ρ. 19811986. 81111111, 111 - 1866.
Deus 11111 Ρ. 1987. 8111111111. 111111. ιιι. 1111. 181. 590.
9111111111 1111 Ρ. 1988. 1506. 1510. 10615081.
Bonus 11111986. S. Aug. 1507. 5718.
11111111, 1111. 1111111111, 111 v. 111118. Aug. 181.
1111111111, 111111 111111-, 1191. 8. conservator 1507.
Ρι11111115880. 8. 11111111 1508·
Prema 6110. 8. 1115711.
Ρ111111111 5757. 8111111 1515.
Ρ1111111613.’ 1611. 5756. Satyrus 1181.
11111 Ρ.. 111111 sepulchri 57561. 8111115911.
11111111Ρ1111111 1117. 8111111, ι. 111111111.
81111 111111111 1. 11. 0111011111- 1111111311, 1.
1111111111 1111111. 1111 11111111· Sebethus 161711.
111111 111111111178. 811111111 188011.
911118) 5880. ⁰ 8. 111. 1881.
Ρ1111111111188.1171.1178.*1175.1178. 8111111 1971.
151111. 1311, 8. 1761.” 1898.” 8. 111. 1013.
Ρ. 9111111111 118811. 81111111, ν. 111118.
Ρ. 11111111 1765.’ 81311111), 111 811(1111111111)1111011.
Ρ. 111111111 1171 (8). 81111111 (8) Aug· 1015.
1111111111 1819. 81111111 1111 11 1111111 111111111111.
Almoura 57²1· 60⁴2· 811111111111111111989.
Ρ111111101 Aulum 1816. semo 811111 11111111111860.
Ρ. 71. 81111111 August! 1111 1111111· 8111111 8. 8. 1. 1·“. 1861.
11111111 11111111 1111111111 689. 811111 811111 8999.
Ρ. 11111. caesum 11111111111111111· 8111111 (111) 81111111 1859.

gusti 0111111111 5811. 11111 111111 11. Venus 111111. 1880.
Pronum! 1088. 1088. 5900. 1861.

0111111111, 0111111111 889. 1101. 8111111111111) 1998.

1105. 8111111, 1. 1111111111.
011111111111,1.111111110. 8111111 ’111. 981. 950. 1877. 1889.
01111111 K. 1111111. 11111. 1111111111. (81111111) 1888. (81111111) ¹⁸9³· (⁸⁸⁸

1111111. 11. 111. 5815 5058. 11111) 1891. (8111111) 1895. 8818.

Q. salvator 1117 11. 3718. 5189. 5658. 6017. 60908188.
Quiris, 1. 1111 Q. 1111111111 8111111 5887.
1111111111, 1. 1111111. Numen 8111111 1888.
11111111 1010. N. 8111111 5888.
11111111 1650. 1. 0. 11. 81111111111111115815.
Bobium 1822? Invictus 8111111 1891.
111111 155. 188. 608. 781. 1800. 8071. 011111111111 8111111 111111111887

5111. 7171. 7171. 11. (8)

11. 1111111 1776. 1799. 911111111118. 5888.
Urbs 11. 5981. 811 81111111891.
1111111111 111111 509.1 81111111, ι. 11111111.
1111111111 1115. 5907. 5908. 5909. 811111,1. 11111 1118.
8111111111, 1111111111. v. 1111111111. 8111111111111108.
8111111 numen 6011. 81111111, 81111111111115917.
8111111111111111, 1.1. 8. 81111,1. 1111111111.
8111111111, 1. 381. 11. 1111111111. suenus 1181.
1111111. 111. ,111. 1817. 181811. 811111111108.
6110. 6115. 81111111 818. 888. 779. 1111. 1187.
8. Aug. 1171. 1577. 1198. 1587.1588.1589.1597.1811.1618.
8. 11111111 Aug. 689. 1615. 1617.1898.1089.1100. 1106.
8. 1111111 1819. 1189, 1107.1511117819175701.5710.
8. 11111111 1111111111111( 7119. 5781. 5811. 5898. 8885. -8111111
S. 1111115818. (11111.) 1816.

 

