131 7111. RES MILITARIS.

11311 i 6111111111 3366. 1111111113366.
⁵ 1131111 5506.

113111 1111111 661. 3363. 3363. 3151. 1111111111 6716.
3613. 3636. 1313. 5631. 5113. tribunus 36131313. 5113. 5653. 6310.
5566. 5653. 6713. 6310. · primipilus 3336.
11111111661.
11311111 1111. 1111113076·
1131111 505. 666. 1767. 6061. 3166.
11311 i 1111111111 505. 366. 6106. 6653. 5061. 5113. 5173. 5173. 6500. 6637.
6671. 3011. 3136. 3363. 3363. 11151111111111111116016.

- 3151. 3173. 1310. 5116. 5173. 11101111 6106. 6656. 6671. 3011. isio.

5176. 6616. 6560. 6637. 6716. 6710. 6015.

6750. 6767. 6353. 6615. 11111111111505.

1111111111 3361. 111111111631. 67506353.

1111111111111111111111111. 6061, 111111. 113111 6737.

3155. 5630. 111111111111 3636.

6111111111 6111111111 6636. 1113111111 3173.
1111111111111 6737.

³ prssl. 3333.

11111111111111 1111. ⁰⁶⁰⁸⁰¹¹⁰ 103511· ⁰⁸⁷¹·
1131111111311111111. 113. l. 1111111 3151.
11311 11. 31111. 3331.

11111 11151. 1366. 6653. 6757. 6311. 11111. 655. 6653. 6757.

1131111 sdiui. 73311. 1631. 1153
16651361. 3011. 301311. 3366.
3363. 3770. 1366. 1371. 5616.
5631. 6736.

16111. 1116111111 660. 1736. 3115.
3333. 5663.
1111111.111161111111111111116166. Μ ω ⁶792
11111171111716111116111111111 ⁶¹ ⁸ ⁸ '
ΝΜ , 49⁸5 1111111 1115111 6163.
161111.11161111161111111111773136.’ “¹⁰⁰⁸ ¹⁷⁰²·

1131111 113111. 133) trib. 133·

.’ 1131111 6660. 6716.
11111. 313. 356511. 5663. 6716. ·

repo u 1111111 111. 1111111111. 11166376 ³⁸⁰5· ³⁸⁸⁸· ⁵⁰¹⁷= 1856.

’ 1111. 1111. aoso. 1111. 1111. trecensuarii&-

iiii: iiii 3111111331, iiii: puppis-13⁵⁵· ¹⁶⁸⁶· ³⁰³⁰· ³⁴⁸⁹·

singularis 6316.
x cohors 711 6716.
1131111 6111111 6716. 111111116713.

leporinum 111.· 1111. 1111, 51118ῑὲ17316·

1111. 1111. 111. usu:
11111 ri· 1111171· murel· 1111.

113ἐὲ73 71111111 106511. 3363. 3363.

11111. 111. 1665.

trib. 366. 1153. 3011. 3770. 3333. 5616.
5663. 5661. 6766.

primipilus 73611. 301311.

11111111 3115. 1366. 1371.

111161111111 1131113166.

11 1111111111 3331.

1111111 6111111111 3331. „92¹0 333,

1111111 (sociorum) 6336.
11311 11 11111111 311111.
trib. 111, 5631.

1131111311111111 3363. 3363. 5631ζ ωδ, 6920,

⁶⁹⁹⁰· ⁷⁰¹⁸· 1111113. nn. 1111.
1131111111111 Sabinu 7116. trib. 1111. 7116.

Α

 

