vm. RES MILITARIS. 168

1161111 11. 6888. 1666116161 6666 6161116111 1161661611
11. 6868. 8678.
6111616 Germ. 6886. 1111616 8888.
11661666 11. 1658. 8611616616 (7111661) 888. 8688.
86661666 6116616611611. 6885. (66 Antonino Pio 66161661) 8888.
86116111. 6881. 6886. 6887. (1.. 8611 6111.66166161)8186. ’
11. 8687. 116166. (861611) 5501.
8161116666 Μ. 6876. 8661661616 560.
81116. 11. 68881 61. 5666. 81611. (6166. 666.) 861666.
8666116166161 616111161161. 86011 61. 86661666 61 8616111666 (0661111161)
6161111. 8668. 8766. .
subuectat 11. 6888. Suebicum (1861116) 5688.
861666666666 61100. 861116616 611.
’1166111166 11. 8686. , es. 666661116616.
1661616661, 6. 6166161. 8161111 111616161661111615808.
71161666 6661111 866766. 611116 0166666166 108516. 108616.
’1661666 8011. 6161661 86661616 568.
86111161 1166111166 11. 6801. Collegit 1611111110. 6. 66116616.
61 1611116 66611661. M. 8668. 1166611166661
8661111166 8668 66. 16 6116661616 750.
861611661 passim. , 611661 1861611) 788.
8166661166 6116616611611. 8666. 8111166161 (1111111661) 866. 5656.
1161116 5666.
··“-·· 1166161 (1161661) 5650.
9 mmm uam 86111166116116611615. 8611161(861611)
66111666 nomen 6111111161 6166166 6611 1161111866166 8101.
proelium 6611666111 deductorum 6658.11616111661 85683 6858.
6671. (1166166161 61 1.. 81116166.) 5677.
6616 = 60666611 8551. 8558. 5101. (11. 66166161) 6181.
6676. 6861. 6861. 6868. 1666661 (61660661) 788.
6661111661 161611616 616611661666166. 6111018000· felice! 11 61 111 (1611111-
111. 666. 1666661160661 6786. 616161818.
66666161611661875. 8586. 68086. 6616116166 8616111161 (11. 66166161)
61661616 = 6111616786. 5677.
81111161 66661616 6161611116116 6786. 1666161 (1161111161) 56806500. 6501.
1161111 86116166 (1161161) 5666.
66016616 1161. 66111. 6661. 61. 8661. ’ (1.. 8611) 5678.

851566. (861111) 788.

6166611666 (11. 66166161 61 L. 8611) 8616186661 (11. 66166161 61 (1661616111)

6116116661 8887.’ ’ 86661611186166661(86161611606818.

“ 81166116665177;61.66661166.861166(11611116111)815.

8611161666 6767. Ι 66161661 61660111661666 61666611661
(0. 6116611) 8568, ÷ 6611666166 851516.

06616616 8656. ’06666166 116616 6 11116 6666616 86166.
(0661111661) 5681. 11666 661. leg. 8111 Aug. 8685.
(16661 1611. 1516. 6166. em. 16. ne· 88111110

9777. 1661161. 6611616166, 6166666666 6166
6. 666116 111661 161661611111616 1616. 6751.

661116 ’1161166 161161161661111661 6116666 616111616881. 6866.

788 .- 806816. 11616666 6111116611

[1611610666 1586. 6. 6666111166 8516.

(16111666 (616161111658656851. 66666066 66161 8616. 8681. 8685.

Germanicum 771. 8516. 6676661.

(66166161 Aug. 6111.(1)8611)8186. 16666166 8611. 6868.

66166616661166166611875.· 6. 666111161616867.

11166 8585 66 1661666611 616661 61111116 7170.

1611616616 (8616611611 61 1111) 718.Ι.6661616;1611116166860.
71967116116116 6661166 8576.
(1166116176888.11616112611661616166118567.

 

