10

1151515. 513. 1500. 183515. 1813. 3351.
115111. 1813.

11115511, 155515 - 5031.

11155155 3007.

5155555151 V.. 1. 5155555155.

1111555, 5. 1511555.

115511, 051 - 3070.

55551111, 055 - 5035.

15151555 (15111555) Κ. 0555. 5115. Pin·
5155. 51. 155. 508. 801. 138055.
1381. 1383. 1003. 3151. 3100.
3301. 3883. 1005. 5088. 5087.
0030. 7011. - 751515 11515551 151.
sent. 551. tt, 5. 381.

V. Aug. 1383.
1555115505551. 5080.
V. 511115 5155 5151515551383.

tv. RES stcttttti.

V. 5515155 Aug. 1885.
85151151. 5551551. 1115515551 1181

15115555, 0555 - 3071.

15055551, 55555511. 0555. 151. 155.

V. 5555155 tetii·

11515515 551. 11, 5. 110.

1551551555 Κ. 0555. 111111. 151. Aug.
1010. 1010. 5085. (Vertumni
5718. 5755.

Vosegus 3073.

Ura, 1555 0081.

Urania, 5. 055151115.

05515111155555, 5. 011 deaeque tt.

1155153033.

[15555155 5030.

51551555 5037.

1515, 5115511.

tv. titts stettin.

1. Fortia. 85555. 8511555115 55515.

151555511551. criobolium 51 - 3331.
15551115 Κ511. Μ15. 51 Pr. tn. 1151
1111. 151.51.Μ551.; 11511. 5115. 11555.
Venus. tn. 51115; 11111. 5155. Pr.
11511. 151151. 51. i). 1155.
15511155511 551. ii, 5. 381. 3530.
11555 15155155 1515 0110.
155111551511155 Κ51. 5115. 111111. ut. 051.
1555111115 150.
1555515515, 1555515515 3333.
015555155155 3101.
0555 55555115 55111, 5. 381 15111555.
0551511555 551, 5155. 51. 51115.
0551151115 1151. 51511. 0555. 0155. 15. Aug.
05515155 (51555555551553) 1550115 3313.
0555511551 1000. 33381 1. 155555511551.
055051 ostendere 3310. - 1550555 3315.
Ducunt· 11555511 15515 1803. - - 115-
55151538.
n. 5551 ii. 015511 1750.
i). 155 15511 0130. 0131,
ii· 15511 55155511 [155551515733.
1155115 0111.
115015 1515111555111 5501515 decutio·
5551 5551151 1338 = 3730.
1151155 5155551551 15551155515155551
51515 551. 7108
Numen 05111515 0110.
Tibi 5515511505 (tc. 51551555 51155155)
Dies 111155 0115Ι
ii. 11555515 11111. 11511. 151151. m.
151151 018.
5151551105555 Κ. Pr. 151. 5155115.
Diu 155151 vernarum Κ51.151111.111.
051. 0115.

5151511155... tt. 5155. 15. 155.
55111551 1115555.) 3330.

Etim 1550115 3313. 3315.

Ennium 1511 51. Not. 151. tt. 5. 081.

511555555 15. 8551. 1511.

11551115 Κ51. 5155. 51. febr. 51111.
8555115 Κ51. itan. 0155. 51. Febr.
855155 55111111 15 5515501515.

F. 5550 55 015 C. 055555 55155151
1151. 11511. 51. 15115.

F· 5550 55 515 0.0155551>5551111
0511511, titt. 51. Aug.

F. 555 015 C. 0555550155. 11511. 1111.
ituit. 551155.

F. 5550 555 015 1515. 055115 111555·
51551 citeriorem 11511 1111. 0155.
11511. 51. Aug.

F· 51 55551151115555 1550 5551515 551-
5151515, qnod 55 015 011555 Divi
1. 51511 15 8151115 1111. 11511. 51.
sept.

tt. 51 80. 5550 55 015 1555. 0115.
11111 1. Angustus 5550 Actium vi·
511, titi.

F. 51 SC. 5550 eo 1115 1515. 0555.
tui. 55 transmarinis 5151155115 Ut·
5151 15115111 tini. 51. 051.

F. 15 st). 51.οο 511 015 11155 15511515
5555555 celestes 5 155515 0555511
titi. nt. 8151.

1². 55 80. 5550 Ti. 015555 pontifex
55155. 155155 est tt Pr. m· 5151115.

tt. 51 SC. 5550 55 0155515115 555-
51111, 5555 05 551515 tt. 05555511
cei. 151155551. 115555 enni, 15
555515 55551515 5551 tt. 15511. 151.
8551,

F. 1555 0515 51 0555115 15 1155 1555515

 

