v111. RES MILITARIS. 113

' 37771
(11177711 1111 nomon 7111171177 71771777 1776177711 11 1117711771, 11 Ravennatem.)

37117717 111711. 11. 3631.
01711. 8808. 11117771 11. 3508.

17111111) 11. 3808. 1171111771 11. 3817,
61111177771711 8771117. 3811.

7777771111ἶ 116517. 1111. 1,,Βῆθὲξῇ

611671111717 31113211ηέἶὲ 333.

171111 M. 6⁸9⁸· Rhinoceros 3811.
8717167101 11. 8811. summ. 3311,
8711111.8880.8888.8808;713888. sm„ ³011,

1717711111 , ’1171717 11. 3633.
11771171111 11. 6818. ’1711111117 11. 3818.
1771177 11. 3885. 81711711 3808.
11777111. 0885. 6838. 81711111. 8618.
8177176113611. 1717717 1771761771 7117117 6171111167 1.

11. 8886. 8888. 1. 8888.
8111161 11. 3610. 8883. 1117711717 (117
11111111. 3807. 1167711. 3611.
11. 3031. 3815. 1111171177
1171171177 11. 8883. 1111113811.
61171 11. 3616. 11. 3685.
1177711111 11. 6888. 6177171111 11. 3688.
11. 3818. 1167111. 3811.
171711. 3581. 3665. . 6711171. 8171177 3008.
111117 11177 3811. 1171111116. 3808. 38111.
11. 6885. . 1111117117 11. 3886.
1111717711. 6886. Nereis 11. 3888.
1171177 11. 3838. 817717 (1) 3837.

’1. 11711771 7111111711.

1611117 8808. b. 7111111711 888. 1656. 16881168·
1. 717117111711,1.17711171111171111. 1866. 1886. 1888. 8016. 1511,
7. 1111711 717117111711771771 1851. 3515. 5686. 5811. 6508.

111. 71777. 71171117118188. 11. 171111. 8170.
7. signorum 3185. 11. 171111 711111171713811.
7. 1711777111. 171711. urb. b· 1717. Aug. 0171771106,

16177111 7111117, 1. 171 1711. 1. 1717177711711111.,7ο11,ρ1.,ω11,

1761177177, 1. 171 1117. urb„ 71111111, aqu. aaa.

11111111 1 . u 1). 777771.. 61881.

1171111717 ⁰· ”¹ ⁹⁹⁸ 17117111117117771071171116860.

1711717117. v· 1011· vla· 11 51. 717. 38781013.

1177111177, 61711, 77117.11.,7111.111. 8177111117, 1. 1111. 117111. 7111.

17717117, v. 71171. 7171. 0177771717 6861.

1771617111 3180. 01717, 1. 1111. 71 71171. 111.

7. 17111117111711 17771. 6185. 1111111117 1616.

171171711117111 5158. 11111171167117 11771111177771111ω88.
1777117171 717111, 7. 1711, 7711111.. (3111617117, 1. 77111. 17. 71111. 71171.
11711177 71711.. 11 7717117. 8711111777 3788. 6803, 7. 1711.

3117771117, 1 1111171171. 71111. 711. 87171171771177, 1. 1771171777.

3711117117 71 177117711711 Augustorum 1171616111 ad 3516· 8515. 8581.

3501. 7. ’11. (1111171168οῠ.

311187177111 3113. 3188. 503οε8110. 7. ἃ 8117167111. 8808.

5858. v. 1.
’ 1. 1771. 851871. 81771117117, 7. 71171. 711.
b. 111117 8806. 8777717111, 1. 17777717 1717717.

Γ

 

