66 7. 111116116Το11Εὸ ΕΤ IMPERATORVM FAMILIA.

1111151. 6111. 16161. 6111. 766.
11111 6661111. 836. 837.
Hardea 6111111 71616111· 11 5111111161
161616.
1111111. 6160.
1111151. 11111. 5666.
(61116111615161161616 1166516616 6. pou
Hadrianum.)
111161 Hadrianus 116111 1166161 606.
111111. Cannar Traianus Hadrianus 1161.
3366. 3666. 5316 6086
6116577.
1111111111 0111611111 16661161 66166111

111111. 611111 1116111661 6111. 6658.
3016. 36662 6011. 5650.

16111.7111116161611166111111.3316.

1161. 1116111661 Aug. 3571. 3817.

aumas
811111111161111 11611. 1116111661 Aug

1116111661 Aug. 815.

1111111111111111111111 H. 6111. 133.
136. 3856.

11. 1111111161 566. 3868.

1111111 11. 511. 801. 1106. 6756. 3166.

lma. 6111110111 7111161 1111161111.
11111 1711111 611161 11. 6υὲ 1161111.
11111. 11111. 1161...161. 111. 11. 11.
1611111111 7115611661 (16116116)

11111 1111111661111 6116111111 7111161
71116111 111. 7111111111 11.-161. 11161
1611. 1116. 1161.11.161.111 (1. 118)
806111.

lma· 6111. 11111 7111161 1111161111.
[11111111111 6. 71111161 11. 611.
pont. 6111. 1116. 1161. 11. 161. 111.
111111111111116. 116) 807. -,

11661. 6111. 1116. pot. ῙΙ. eoa. 111
(11116160) 800.
dmnmffimffimffl
5656.

1. 16. 1115. 1111. 7. confi! 1116111.
6.Μω.

11. 61. 1116 1161 7161. Γ11. 6111111161
maximusque 1111611111 (1.161) 3766.
11.16.1111.1161. 7Τ1.161.111(1.183)
3566. 6656.

p. 11. 1116. 1111. 7111. 111. ΙΤΙ. 1111161.
11. 16115655.

11. 16. 1116. 161. 1Ῑ.161.1“1Ῑ (1.1651

3703. 3605. 6006. 5680. 6661. 6683. 5103

6666. 6501. 6600. 7116. 7176.
76661. 1111 11161111111611111111116·
tur-usque 16 61111111116.

1111111 11. 611111 Aug. 616.

11111. 6111. 11111 7111111 1111161111
11111 1111111 n. 7111161111161116111
Aug. 6618. ,

(111 11111116 11156611161161111611 Ha·
6111161 u. 665656.)

111111. 6111. 0111 1711111 111161 7111161
1111111 71116111 61. 71111661 111-
6111661 1161. pont. 1611. 1111116.
1161. 111. 11. 11. 11. (1. 118) 5330

11611. 6111. 0111 1711111 7111161 1.
1111111 611161 11. 71111661 Aug.
11161161 1611116111 6161661161 111111-
1611 Germanicus-maximas 11661.
1111. 1116111111. 161. 11. 11. 11.
(1. 118) 80611.

16111.6111.11111711111111111161111. 11.
11111116. 71111661 1116111661 Aug.
16511 1115.1161.11.161.11 (1. 116)

11611. 56111. 11111 7111161 111161111.
011161111111. 1116111661 Aug 11611.
6111. 1116. 1161. 161. 111. 11. 11. (1661
65 6. 110) 516.

1161. 6111117111116111..161.11.16.

1. 111. 1115.1161.Χ“1.161.ῙΙ“1 (1.167)
1656. 5656

11611. 6111. 0111711116111111. 161. 71.
1111111111111161111.1115.1161.11.
61161711116111 11. Aug. 1111611111.
11111 1161. XH. 11. 11 161. 111(1. 168)
6760363611.

16111. 6111. 11111 7111161 1111161111.
11111 1711111 11. 71111661 H. 1111.
11661. 1611. 11111. 1161. ΧΤΙΙ. (1) 161
111.1.11.(1.16111)56671
11(13ἳ)16.1116.ω161.1171.161. 111. 11.11.
11

11. 111. ”in 1161. 77111. 1611. 11. 161.
111. 1) 1116. 136) 5657

11.-111. 1115. 1161. XIX. 11111111. aaa.
313-1'61712. 11. 111166111116111111635)

11. 61. 1116, 1161. ᾗ. 16111. Π. 161. HT
7· 0· (1. 136) 11.-’.6166666 65031
11. 6686.

1111111111.11616716611161161.
1111.137)611-.·61·1.

11. 16. 11111. 1111111611. 11111. 11. 161.
1Τ1.11 11..11 (1. 138) 5656.

111111111106.

111611116111611111661 01 11611111166661166161611161.6111.711·

6. 118) 366. 787. 3316. 6036.

1161 1116111616111. 11. 11. 661.

1118611ὲ1111116111611111 111. 111. 11. 11. 1111111υέ 196111. .6111. Traiani 11161111)

6111 1

 

