XIII. 110111.
1. Ρ. 1. 1111. 11111111 111 31. 1111- 311 balneator 0791.

1111111 (11111) 3133.
1.ΡοΡ11111113137,11. 11111111.
APP appellationes 3151.

A. Ρ. 31111111 1111111111115013.
A. Ρ. 11. 3 1111 1111311111 111111111
10 annullatam

AQ. 11111111953 333.

A. Q. 8311. ΡΡ 111 qul 11111 11111111

101Ξ3 71Ϊο1, 1030 1111111111111111

1οΡΣ, 711013 1 1111111111111111111111

1. 0.11. 1 333

1011 11111111 153.

11111 1 11111111113331. 3330111.

111133 1111111 3133.

133113 1111111111 1333.

133. uallet, a. 11111111113333.

133 1111111111 5333.

11133 11111111111113351.

AB 331 1 1111111111 callae 3391.

1330311113 111 3111111111 3351.

Allan (1111111, pro 11.) 1.1>.1.Ρ
11111111. V. 1111111111 111111

111111 111111111111 30.

1311 .3111Ρ1.111 1111111111 1111111111

1311 3311111111] 1111113173.

1311031311, v. offieln 1111111111.

11111 11111111 11111 333. 5173111.

131111. 1111111 5995.

13111311 11111111 111311193111.

133 1111111111113013.

1. 3 1 111111 1519.

1. 3 .3 1 1111 11111 3313.

1. S. 3.3 1 11111111111111 1111113333.

133 11111 1111111111 3113.

13313111 370.

131 11111111 3073.

1111 111111111 3933.

113 augur 1111111.

1131111311, 1111111, pasalan.

1113 1111111111 1111111.

113 . 313 Angusta flaglannnrnna 73.

1133, 13333 1131111111, 1111111·
alm.

1331 Augnall 111111111111111.

13311, 1133 1111 Anguslunnealea.
Angnall nealal 1111111.

1.1’. 1. 3. Ρ.Ρ 1111111 1111 1111111
111111 1111111 1111111111117133.

113131 1111111111111333.

’1111 11111111 3335.

B 1111111 3593.

3 311131111111 3139. 3791.

n beneficlanlue 3370.

3 bena (111) 1937.

33 1111011113 3133.

3. 31 3301. 3311.

3. 30113 hanel. 1111111111 3313.

3.(1011111111101.

33. 33 111111111111111111.

3. 01111 1111331. 3137. 3333.

3 1) 3.1131111111111111111111111
3137. 3031.

331131.11111111111111 333.

33113313 idem 3133.

3311111350 3373 1111111111.

33. 303 1111111111111111111111333.
1333. 3033 eal.

33. 303. 3. 3111111. 1111111111 311-
1111111 1111111111 5733.

33 . 133 beneflelaalne legal! 3133.

313 1111111111113331 cel.

311. v1v Illlnnlgea 1111111 ale.

B.M (11 1111111 titulorum) 11111 anamn-
1111 1133. 3335. 3313.

3.11. 111111113033.

3. M. bane marana, 11111111 paulae.

3. 11. Il 311710.

1101111399.

3111111111111 lacit, 1111111,

3 bonae maannrlae 3111113037.

F 3 1111 111111111111111111

11111,1111111111,1111111.

Ρ 1111 11111111 1111111333.

1.11.1.1111111111111111111
1111111111 739.

3.Ν.1111111111111111737.

31311331111111111113313.

303 31111111 eleo.

3.
B·
3.
3.
3.

M
M
ll.

311
M

3.Ρ 311131111111 1111111111 3171 111.

333 n 1 37533731.

3. Ρ11. 33 111131111111 1111111111 1111-
1111113333.

311. 31111111 1973.

33. 3111111 1031.

3313. 3111111 333.

31111 311111113573.

B. 11 . Ρ. N 1111111 11111111111111107.
1113. 3053. 3330. 3373111.

33 111111111111 enbnaaaleell 3171.

33Ρ11, 33111 111131111111111111111111

3.1 beneflelanlne lalbnnl 3171.
3111, 3111, 33131111111111111111111
3.1631193.111111111111 1111111 val. 11,

BV. 3113, 3133 11111111113791.
313 31 1111111111 11111111 3011.
311 111111, 1111, Venus 1313.
3 31111 1111111.

3 1111111100.

3 aenlenaalua 913. “

3 111111113193. 3750111.

3 111111111331.

 

