V. IMPERATORES ET IMPERATORVM FAMILIA.

1111. 6111. 11. 111. 1111111. 1111.
1111. 11111. 111. 111. 11, 11111111
1111111 1. 11111 1111111111, 11111
’1111111111111111 1111. 11111 1111111
111111. 1116 (1111111111111,· 1111.
consulatum).

1111. 6111. 11. Aur. Ant. Aug. 1111.
111111111111. XV. 111. 111 (n. 161)

1111. 1111. 11. 111. ΧΤΙ. 111. 111
(1. 1611676,

1111. 6111. 1111111111111111 1. - 111·
11111 11. 1111111111. 1. 1111.

n 111. XVI. 111. 111(1.161) 3361.

1111. 6111. 11. 111. 111, 11111-
111111111 11161111-1111111111 pont.
11111. 11111. 111.11111.111.111. 11111
1111111111 Q 111. (1. 1651659.-

1111). 111. ΧΧΙ.11111.ῙῙ1”1. 111. 111.
1. 1. (1. 167) 6611.

1111111111. 111-111ζ 6111.-1111111111.
11111. 111. 1111111111. 7. 1.1. 111.
111. 111111 (1. 171) 676.

1111. 6111. 11. Aur. 111. 111. Arme-
111111111111111111-1. 11111111 11111.
111. xxm. 1111. 11 (1111. 71111.
1’11“1. n· (1. 11111111.
Armeniacus Mnffl‘n-nth. 11111111.
nm. 1111. 111. 11111111111111.
111. 1. 1. (1. 169) 6591.

1111. 6111. 11. 111-111- Aug. Q·
111111111 11. 111. 1111711. 111. 111.
p. 1. (1. 173) 61115.

1111. 6111111111 - 11111. 11. Aur.
111. 111ςρ1111. 6111111111. mg..
1111. 111. XXX 1111. 7111. 111. 111.
p. 1. (1. 176) 661.

11111111 11111.

71111111 6111111111 1161111111111-
111111 Aug. 3571.

1111111111. Aurelii.

7. 111. 1111. 6111. T. 11111111111111
11111111 111-1111 1. 1. 11. 1. ᾗ
1111. 11. 111. 1111. 11111 1111111111
61111111111111. 117) 665.

F. Aug. 1111. 6111. 1111111111111-
1111 Ans. (1111111111 11. 1111Χῇ.
111. 111. 1. 1. (1. 176) 61115.

F. Aug. 671. 671. 661.

111111 111. 11 1111111 666.

11111 F. ΡΙΙ 111. 1. 1111111 66711.
1111111111 111111111111 Aug. 51711.
11111 1111. 3153.
111117. 666. 3365.
T. ,111111 ,11111111 11. 1111111 61111111
1111111111 111. 111111. 1111111·
111111111. Pn 11111 671. .

69

’1111111111 Antoninus 11. 11111111 611-
11111 611111 1111111111111111. Pu
1. 1, 11111 6711.

Hadrianus M. 1111111111 6111. 111.

Commodus 1. Imp. 6111. 61111116111111.

Lucilla, 1. 1111 L. 71111111 111.

Annia 6111111111 Faustina 5175. 5176.

6111116111 Aug. (1.1. 6111111111) 11111

71111 ,1111111 Sabina 11. 111111 111.

7.11. S. 1111611111111. 11111, 11111
1111111111 11111 5173.

Domitia Faustina 11. 11111111 61111111
1. 1111. Antonini Aug. ΡΙ( 11.
111111 671.

1111111111. Aurem 11111 5173111.

1111111111111) Faustina 11111. 6111.
11. 1111111111.1111111111111111
111111111 5177.

A. 71. 7. 6111.
11111 1111111111 Τ. 711111111Ρ111115177.

Imp. 6111. 6111111111 7111111111.
[111111111111111 6111111111 111-
111111111 6111. Τ. 1111( 1111111111
Antonini Aug. 111 11. 1. 56116.

1111. 6111. Ι.. Aur. 71111 Aug. 3767.

1111. L. Aur. 71111111. 3571. 61167.

1.. Aur. 7111111111. 7197.

1111. 71111111. 6119. 65111.

1111. 111. 71111 1996.

71111 111. 61111 1111111111111111.

1.. 1111113671.

1111. 6111. 11111. 7111111111-
1111111111917. 5161.

Armeniacus 11111111 1111111111 11111·
mun 1. 1. 5615.

L. Aur. 71111 Aug. 1111111111111-
111111 11111111 11111111671.

111111 71111 111111. 1111. 1111111111.
6111. 11. 1111111 Antonini 11111-
11111111. HQ Germ. Pnnnn. 1111.
1111. 111. 111171. 1111. V. 1. 1. 111.
ΙΤΙ. 111111 (1.171) 676.

111111 Verus Aug. 3186.

111111 71111 1161; 11. 6111111111
Severum.

1111. 6111. 1161111111 71111111.
1111). 111. 111. 11 (1.16115171.
1111. 6111. 11111111111111, 11111 111-
111111 n. 11111711111111111111 1111.
11111 1711111 111111. Ι.. 11111111

71111111. 1. 11. 11111. 111. 111. 11.
1. 1. (1. 16115163.

1111. 6111. 11111. 71111 Aug. 11. 111.
11. 111. 11 (1. 161) 676.

 

