NOTAE.

81151 1983 111.

81111111111111 1981.

8 11111111 3919. 5599.

8 111111111 197.

8 81111111 6996.

8 111111611 3011.

S studiosus 1909.

8 1110111111 3171.

8111111,1111111 3708111.

81 81111111 6995. 6591.

§.A 8111111111116191.

81 8111111111111111611111 (11111)3395.

818 8111111111 1111119180.

816 11111611 passim.

8111 ,1) 11111611 1111111111 3716.

8.1. 0 11111 11111 1116111111 1111111.

811. 811111111111 9066.

811. 8111119919.

811. 811111 509.

811. 811111 1619. 1756. 9963111.

811. 81111111 9791. 1035. 6991.

8111 8111111111 6953.

8111 8111111111011111 3931. 3619.

8.1.8 8111 1111111111 utrum 1831.

8 . 18 . 0 111 11111 dedicavit 9581.

8.11111.8 81111111 (Silvano) 1111.
11111111 1599.

SC Sacrorum 9351.

S.C 11111111 consultum 719. 3115.

8. C 1111111111 consuluerunt 781..

8. C. sententia 111111111 9385.

881 1111101111 1117.

808 M 1111111 1111111111 111. 1, 1. 517.

§.C-ET. 0.0 11111111 1111111111
decurionum decreto 9987.

8.(1. F. C 11111111 11111111 faciundum
curaverunt 3983.

881.. 11 11111111 11111111 11111 61-
11111781.

8811 1111111 8559.

8611 11111111 6966.

8811. 108 1111111161 1611111111 3111111.

861118. 118 . Q 1111111 111111111 11111-
11111111 3913.

8111111111111 9953.

8611. 11811 1111111 1111111111 9950.

88111) 11111111 1381.

89110 1111111 11111111τί11 1519.

861191 1111111111 9951.

8011161111 111. 1, 1. 517.

8. 0. 8 81111111 611 11111111 1508.

8.11.8.1.81 11111611 611 81111111·
11111811111111 6019.

8.11.1.. 8.0 11111611 611 Liberi,
11111611 6111111. 1901.

8.11.11111111111111116198.

88111111111111 1100. 1198.

8861111111 5117.

881] 11111111 9171.

886. fl 1111116111 111111 3110. 3181111.

917

sna-Tu 1111111 11111111 11111, 1. 90.
8806851111 8111111111 9011.

88898 Segusiavi 5916.

8811 11111111113119.

8811817116 1111111 1111111111115.
8811 11111111 1111111.

- 8811 111111 passim.

881). 1911. Septimium 111111113810.

8897 811111116111 1096.

8811 811111 1111111111111.

8811 Sergius 6996111.

8811 111111, 111111111111.

8880 111111111111111 3116.

8.1“ 1111111111111611 688, 1186. 3999111.

8 . 11 signum 11119101. 6075.

8 ,1 811 11111111 1998.

81811111111111 6791.

sm 111111113379 111.

sm 11111111 1599.

81611 111111113173 111.

81811 1111111111 passim.

S. L. 81 111111 111111 1111111 16671083.

81.. 1711111 1111111111 1161111611 551.

811 1111111111 3171.

8.11.11 1111111 111111 111111 1308.

8.81.1’ 11111 1111111 011111 1090.

8. Ν. S? 1570.

SOC 1111111 (8111 1999.

800 1161111 3109 111.

801. 81111, 8111111111 5933. 5961. Ι

8. P 1111111 1111111111 6967. 11111 111111·
11 3966.

81) 1111111111 691. 9561 111.

81) 81111111111111.

8.1) 1111 11111111 panim.

8.1) 11111111111111 3136. 3173111.

8 . 1). C 111 11111111111111111111115001.

S. P. 1).1) 1111 11111111 dono 61611
15. 16111.

8.Ρ.8.0. 0 sun 11111111 6111 61611
1116111111 5908.

SPEC 11111111111111 6115.

81) ‚F 8111111 011111 panim.

8.1).1. 11111111 1111111111 8111111111

891.1111161611.11111616111111111111111.

8.1).0817.8.0.8.8.8 3593.

8908 11111119617.

S. 1).1) 1111 1111111 1111111115. 5610.

8. 1). P. 1> 11111111 populusque 9111·
1111111111 3993.

8.1).1).1). 0. 1) 1111 11111111 11111111
111111111611111111111161111111167.

8.1). P. S 111111 1111111111 11111111111

8. Ρ . 1) . m 1111 1111111 11111111 111
11111 1311.

 

