1v. RES SACRAE. 51.

111511111111111 5273.

8111111 nouo 31111111 0115112331.

cistophorus 11311 Bellonae 1131151531 8111111 opud Eleusinum 0111111151,

1155151 2318.

311111 1135111 2381.

215111111111(ε51111111111111)153.0030. 8111111 apud Loernom 01151511111

11115111 Bacch! 153. 2112.

(111111 11 (Ione 2331.

1111111111 111131 1311115111 1111151111 81111 1111151 2352. 2300.

153. 2317.

· 8111111511 115111 111111 1151151 2358.

5100321011 (5111111511) 153. 2351. Thiasus 2111311151 811151110082.

11. 11111111153. 2335. 2352.

11 3111 1111111111( 113. 2353, 3. 313111151111135115112151311111111-

111111111 1111151 2305. 2352
1. Aeone 153. 2351.
3111115111111 31113111111153. 2301.
511111 1111 1111111 ool. 1911111. 1131.
M zoororum 11151111112313.

11111 11511511111112200.

f. 85115 153511511 1511111555.

111111 1111111111111 3111.

1111111111111111111111511511111. 0111111111 quoe 11111111 prophetavit

1121.

111111

5111111111 1111111 ,11111 3013. 0011. 31111111 31155111511132.
5111111 81151111111111 (Hormo) 2332. 8111111513132.

5111111111 1111111 2312
121111151 153. 2351.

111111 1111111 111111111 3111151115 -

3113.

01810111ι1ἐ135111111111111 1111117ωωί511 81111111111511125231115388.

Ρ11111111 Puteolis 3128,
1111111151 811911112202.

511111 synagogarum 115111 11 1111115151

2522.

11113111 2527.

81111311 Dono 1111111 1111151 1201. Potor sinagogae 0115.
8. Liberi 111111 0111311. 2332. 2111111112522.
S. 115111 151111 Puteolos 0082. 3128. Presbyter 187211.
8. Ι). L. (11111311 0115151111) 111- Religion! 1111111111111112523.

11151 1201.
Sacerdos 11111 (11111111 31515111) 111.
191115. 1131.

Reliquiae 111111515111111 1111111111 31·

1111111 5388.

Virgo 1111111111 1100.

V. lMPERATORES ΕΤ IMPERATORVM
FAMMA.
(Cf. 1115111 consulo.)

Domus Augusto 1885. 721ος 15 151111-
polone 1111 1501022.
Numen d. 1. v. 1111111111.
0515131111. 11 honorem domus 31·
11111 (l. 111. 1311511111. Primum,
5513111111511111111111, 1115111511
1151 5351111111 pertineo 173 (5211);
poma titulos 1155111111 Commod!
518115783). 120(0031) 131
(5883); Severi 5123 (1283) 121
(00321, 138 (71511 811111112111-
11111 (5508. 0808131 5. 213 (2222
1111315111 (21711 Alexandro (5027J3
5511515111 225 (7258), 233 (mog
31131111 (27211 5151· 218 (2881ς
Philippi (388) 111.; 3111151 1111-
1111 opponatur 3111131111 7110.
Domus 311111 Augg. 3802.
C. 11111111351151580. 581· 582. 583)

c. 2111111111. Pr· m. 111.

C. 3111113. 1. 1111. 31111. 113111.

1111. 2111111111. (1111. m· Aug.

011513111111111. Pr. m. 1111.

Divus lulius 58311. 310. 3203. ouo.

11111111 1111 11111. 11111. 311111. 11.
11111. 0115. - 111111 13 Forum
1111. 11111. 11. Aug. - 1111110111
11111 3131111111. 111111. 11. Aug.
01115- 1531 1151 5111111 153. 11.
1111.

111111 151111 511111 1111111585.

Genius 111111 151111, quom 11111111
populusque 31111151 11 deorum
5511111111 1115111585.

Imp. 311111 (C. Coooor. 511111 1111111)
1111111111 1111311111 11111 11111.
5115. 3111. 31111. 1111111, 11311.
3115. - 11111111 11111 K· 5115. 11.

 

