68 xi. mus iii oiiiiicii mviii„

81 1111111 111111115659. 8111151111 (ε11111111611111 5595.
1111111111 1111111111 11151111 iiiii. 811151 11511.. Ti. 111. 511. ma.
0111111111 5655. 111. 55111111, 01111111 Aug. 1111111

11161111 575. Ι. 1950.

5111111111 iiii! 11165111115566ς 1. 1151111.

Δ 1111111511 ii. 8111. 556711. 8111151111 5955.

Ti. 8111. 1111. 5551. 1111511111151, ing. i. 6556.

111111 5891. 8111111111 5956.

[1611111111 1111 81161117575. 811111 5568.

1. 111111111111 5755. 815111111115653111111111111,1111111111.
1. 111111 7573. 811111 6555.
1.1111118111111111115111111111553. 1. 1111151111 6111111111116578.
1. 1111111 publicorum Luuiviuorum secundarum (1) 586151158; ⁶!- tam
6514· inci. W. 6.1.υ. 11115111, 111111
1. 11111115 17151 11. 5636. 16 11. 5566 aunuum.
511111111151611111 5556. 5566. 5578· 8111111 1616111111 5571. 5575. 5583.
5585. 6573. 8115115511 7578.
1. iiio 5555. 8111111111116617.
1. 1111111115556. 1. 1111111116555.
centurio 1151111111 5565. 811111111 5555.
litoius, 111111156. 5538. 811111111116579. 6581 iii.
1. 111115 511111 5655. 5111111 11111511 6581.
11111111 1555. 8111111111 11111111 8111. 1. 3559.
1. 151111115569. 8511511111 ius. iii). 5955.
Rudini 85111111151111 iiiii.
1111161 11611 1111111111 1116511151 8111111116513·(11.
811111111161 1111111 5575. 811111111 6595.
1. 1. 81111111 5576. 8111111111, 111111111116586. 6596.
11111111. 5575. 8111111111111, 11111111111111 51111111·
111111 11611 6189. 111 5111511. i. 5551. 6355.
11611 1151115586. 11. 611111 5156111111 (1111111511,

8111111116175. 7575. 6111111111 6553.

8111111111 6576. 1115511111111) 3555.

81111111 583. 81115111 panim 61 1561111116111ς u.
1. 5111111115 6575. sii 51 116111111111111.

81115115 111611111111555. 8151111111 5665.

8111111 iiiiii. 8115151111 7516.

8115111111111111111 5561. 81111 1116111111 5571.

81111111115596. 81111111111111115111111116111 5856.

81111511 1561111111 5569. 8111111 6597.

8111111511 7576. 111. 1111111111 6598.

81111111111665. 5375. 7575. 81111111 6585. 5356.

81111111 5189. 6111651, 51118111611111. 11157151 11.
11. 1111511111 5665. 11111511111165111111115111611111.
11. 811111 5558. 1111111111 1116111, 1111. 56. 5958.
11. 1111115515. 1111111 11 1116111 5555.

111111 6111111111116111. 5619. studiosus 111111111115655.

11. 51111111 5659. 8111161 811111 5568,
158111111111111 11 iuniorum 5555. 11. 11115 511. 5665.
1111611 scaenicorum 5557. 5183. 811111 567511. colluvia.
11111 11111611 5565. 8111111511 5551 (1). 7189.
cs. 1151111. 81511111111116111115111111111, 611.
11111111 11111111111 mii. 11111. 11. 5115569.

iiii. 5558. 8161111111 (111) 5511151111, 8111.11111

81111111 6571. 6357.

81111111 1111111111 5657. 8151111111 5665.

11111111 6575. 1. 1111111111 Antonianarum 5859.
811111111111111111111155551 1116611111. 81111111111 in umpkiihuuiru 5535.
811111111111 6555. A 111111111111 5665.

811111 11 domu 611. 6577. 1111. Ρ. 8111. 1.,511. Ι. 5557.

8111111 1116111111 5559. 81111111 1 111. 611111 111111 1557.

ἱ

 

