VH. RES 0000100000101100001. 01

1115151151 3005.

011115 7000.

055151111 0530.

011551111 0000.

055115 0170. 3000. 3007. 3000.
3010. 0000.

’1111511 0000. 0151. 7100.

’1511511 0070.

0551115. 1155110050.

1515511 1155117130.

011155100. anta.

01111511 5005. 5007. 5000. 7050.

0115115000. 0310.

Narbone 0050. 0000. 5030.

0111511170.

0511511551 3500. 0701.

011111115 0701.

0551110100.

011511115105111 0030. 7071.

0111151 3001.

051111 3007. 3070.

7151510005.

71151511 0100 = 0005.
(11.151. lt, 5. 10 aequ.)

051115, 111115 105. 3077.
05555111 7000.

0155 0511. 01. 3000.

051151151 7003.

0515 051111 5110.

0515 0151515511 0030.

1555111111 00.

11511115 5737.

0511551111 055.

05511 01515170. 3003.

015555 0707,

71151150 00001.

0511151155, 1115111 0100. 0500·
1105151 5105.
0511551173. 0000.

151151 10015.

0151151 0050.

01111115 0000.

051551115 51110. 0017.

0551111100.

71151115 7030,

05511115. 11110111 3705.
Anagniae 0101. ,
1115111115 0100.

0111511511 0705.

051115 tr.

11515555 07. 0100. 0177. 3130.
0010. 3030. 0007. 0350. 0070.
5113. 5001. 0010.

05511115, 0111111115000.
Corcyrae 515111 500.
051115 3153 (1). 0100.
05111515 0000.

Tergeste 7100.

Quirina, Aratternt ¹060). 3707.
15111 0705.

11151111 3700.

,1115011 7175.

011111. 15151. 100. 100. 170. 307015.
- 05111111 110.

11111111 5050.

0155515 0000.

011115111 1300.

1111155555 5330.
0151551111 5100.

01111515 0000.

011111 5017. 5010. 70101.

- 0151151111 000.
0111111117.

11115511 0000.

115111 5000.

1151115 0107.

1115011 naet-

1151115700.

15155551 7000.

1115515111 0050.

0115511 1300 55.

0111117170.

01115151 3001. 0150.

0155113700.

Reate 0005. 0750 (1).

Rornae 0750. 0000. 3301. 3300.
5300. 5500. 7050. 7300.

Rusguniae 5300.

055111113005.

Tarracone 0105. 7150.

71101157.

’0515511 0000.

7115555 0010.

05511115, utente 3007. 0050. 7005.
01115501 0303.

Rornae 0000.
05151 0070. 0515.

Sabatina, Mantuae 0100. 0050.
1155151 3001.

Sceptra. 1111513003.

Dertonae 0100.
0151151111 0000.
0515 15111 aaut.
0551110370.

Serota, 11511111 3000.
115115511111 011. 5000. 0150. 0157.
1111111 3300.

15551111 015111. 0005.
01150110 0000. 0005.
0110115155 3510.
corana 0110.
11111111 aaut.
1151115 0001.

Notae 300015.
11511111ῦο00.
05515111 3700.
0115515 3003. 7000.
051515513050.
0551115551 105.
’1511115115 0000.

 

