XI. ,11111311 0111111111111. 166

611111111111 1111 1111111111 11111111- 7111111111111666611.

1111111 1666. 11111111111111111 111111116667.
61111111111 1111111161111111 1. 6666. 711111111111111116666. 7661.
6111176711. 71111111 (in 11161111111111111) 6566.
61111 11111111116666. 1111111 11111111116676.
menum, 1111, 1111. 111. 11111 11111111 1111111 111.

1. 11111. 11111111111 Aug. 111. 6656.· 9997

7111111111111, 11111111111111 61611 v· nfmm' ⁴⁸95'5 ⁶f· ο691696·
11111111, 1111111 1111111111 6176.

1111111111 1111. 11111. 1111. '‘mm“ mmmm ²²·
1. 111111111116616.
71111111116661. 5666. 6666. 6666.
1. 6. 61111111111116666.
1. uquarum 6666.
1. marmorum Lunensium 611. 111.

Δ 11111 (Aug. 11766. 5651.
11111 11111. 11111111116676.
1 11111 1111111111 6375.
“ 111111116111.111. 111111 6667.
111111111 1 111111111111 61176.
1 11111 11111161.-
111111 1111. 1 11111 1111116676.
61111111 111 11111 1111111116667.
ι· ’99999 mmmmm 9999· 111111 1111. 1111111. 1111. 111. 6666.

{J Ϊῖἷῖἧιῖὲξυῖιιιῖὄίιῗιτῖ 1111. ⁸ 12‡2⁰.‘{3'0'⁹.“ ⁶¹⁸0⁶¹¹¹⁸· cneum

1. [1111111111 11111 6111111 Ι. 6661. mm „m ⁶³72.

‘¹ ¹⁰b⁰¹⁸f· 9955· 99· ms, ι . 111111111111111111111116676.
⁶!- 0166666966 ⁶¹ 1666166696 ’¹¹⁸‘ 7111111111 1 11111111 6666.
nora· , 111111111611.7666. -
Τ1111111 venatores 6566. 11 hom.. mmmm. ⁶00⁴.
T⁸¹¹¹⁰⁰⁸¹¹²¹⁰ 9661 ‘'bd- 11 1111 1111111115666.
711111111 76661 v. 1111111111. , d, ,100 Tmo 4295,
Τθῧῑθῐ 4988. 4803· 66951 v· “nummus ⁴290·
9669599» ι6669999 9945· 7979· 1. 1111111111 11111111111111 6667.·
11111111 11111 1111111111 1111111 (1111 6666. v, „num 7235, ,
71111111111111.61111111111111116111- m, cm, „mm p„ mm· ·
91619995· 71111111 5666.
T0¹¹⁰¹ 9999· 11111111 6667..
’1111111111 6666. 6665 (1). 1111111111114,
71111. 711111. ’111111 1111111111· 6566. „mnu ³³15. 3297·
9599· 9579, 9579· 9599· 9599· vestitor (11111111) 6671.
Thr· 1691116619599· 61611111116111. nn. 6566.
711. 6111111111 6171. vim, 1⁴05. 1111, 20⁰7. mg· 53⁶2
711111111, 111111116661. 6666. 6665. 5661. 6676.
7666. 1. 11111 11111. 6667.
11. 61111111117666. 1. 111111111 71. 6111111 6111. 611.
11. 11 11111111 11111111111111111 6666. 6666.
6111111111 6566. 1. 1111111 6655.
7111111111111111 111 6666. 1. 11111111111115666.
71111111, 1111111 11111. 6656. 1. 111111111111111111 71. 6111111 611·
7111 1111111111 6561. 11111 6666.
’111111 111 11111111111111111111111111· 1. 1111111111111 11111111 1111111111
111 1111111 cum 11111111 11111111- 111111116666.

11116666. 1. 1111111111 1111111111 Antoninorum
1111111 1111111111 1111111111 111111 . .
11111111111111111 111111,1111 111111 11111116665. 6666. 6666. 6617.

6666. 71111111 11111111111 6566.

7111116666. 6666. 1. 6111111111 6576.
711111116666. 7111111 666. 1761. 6565. 6666. sm.
7111111116666. 6666. 5666. 6665. 5676. 6675. 6656.

1. Ti. 6111111 611. 6666. v· 61111666.
711111116665. 1. 11111 6111. 1111111111 1667.
7111111111111, 11766. 6656. 6665. 6667. 1. 61111111 1515. ’

11. 1111. 6666. 61111111 1. 11 1111111, 1111 115 11

6111. 11. 111111111111111111. 1116667. 111 6657.

1. 1111. 6666.

 

