IV. RES SACRAE.

T. 11661111 661. 16 11666161.
611111 6111666161 5066.
T. 81610 6111161 111611111 156632518,
T. 6118111161 1111116111 1611.
Τ. 611 8611161116116 6510.
T. 0. 7111110161 2266.
Toum (16166111 11611 11166 1611-
pllollo 5607.
161111116611116 6167.
716116 111661111 11 1111611 116111
116166 116 11111111 111116111 6167.
’111111111161111166 6111116622705056.
Τ. 6611611 6086. “
cl. 1116111116126. 6756.
Τ. 6161611616 2510.
7611111111 2507.
7116161111 6111 611111 2062.
’7111161 160111.

711111111711111111 11111116111111868.’

7. 666161 (l. 1. 61116111) 16111611
61616111 1618.

6. sacerdotio. 016116 16116.
6. sacerdotio 1161116111101· llomool.
Sacerdotes 111111 01611 2236.

α. 0611161161161161111111111166111111
11166 16111611 1. 5057. 611. - 116·
1111116111 1116111666 1111011161·
661 66161111 1661661 161111111
11161; 11. 61 6611111 661, 51 61
7161111 688. ullo: 611711161106·
oloo 1611616111 6501 0161111661
1111611111 161161611111111661 6111161
conlegiorum 6661616 766. - 16
61661111 611111 11161, 11. 166021.

Ρ16116111 211. 561. 566. 566. 666.
666. 650. 676. 667. 7506028110.
666. 1175. 168011. 2165. 2150.
2265. 2275. 2270. 2678. 2661.
2506. 2761. 2666111. 6166. 6168.
6156. 6186. 6261. 6682. 6621.
6600. 6625. 6627. 6515. 6568.
6566. 5606. 5666. 5677. 6007.
6682. 6665. 6606. 7066. 7661.
7620 1. 11. Ρ1. 6. 6111111.

01 111111 1116011666 11. 2166.

0161111101 1166110111 2606111.

Ρ. Caesarum 61611. 617111.

(11111111611160111616766. 1181. 2166.
6261. 6625.

Ρ161111111 161611 1116161 2165 (Ρ.

6111 1116001616 2165. 2066111. 6627.

016511ᾼὲ166 1111161101 61 11111611
6606. 6625. 6515. 6568. 6566.

11716311116111 16611111 6116111161 1
11111101 1111 111111166 11606116
1111116161 6261.

65

Ρ6611111 1611166166) 581.Ι 5821 11.
2167112166.

1611111111111160111116 1611166 lou·
1111 111111111 1161111.

Ρ1161111111 16 11611111 1116061116
1181. 6670. 11611111 111 61111111

Ρ1611161 6111111 1186. 11871188. ’

2151. 2266. 2651. 2656 (11. 6101.
6672. 5656. 6616.
Ρ. 6. 6661111116 116166 6066.

Ρ1611161 711116 6111111181.

Ρ, 7111112216. 2656. 6185.
1116111116 1116061616 711111

Ρ1611111 61111 711111 6186.

Ρ1611111 71111111 611112160.

Ρ1611111 6111111116672.

Quo 11611161161151616111111. 71-
1111, 71111161111111111111111111110
1161. 1. 5656.

(Ρ6611611166161111 111661151116161·
161 1. 16111.)

6616161 211. 565. 561. 562. 566. 565.
578. 666. 6. 661. 650. 655. 656.
660. 688. 660. 726. 822. 860.
666· 1105· 1172. 1106. 1551.
1860. 2266. 2265. 2282. 2265.
2656. 6066. 6652. 6672. 6066
(= 6666). 6656. 5652. 5656. 5660.
5625. 5665. 5650. 5666. 5788.
6017. 6051. 6676. 6667. 6668.
6666. 6081.

66011166 1616166 811. 066) - 61-
161116 11616021.

66111616 11111 6021.

61161111661111 1111111 1166111061-
1111661 2160. 2286· 2665. 6162.
6101. 6026. 6681.

66161 6616111 6022.

0111161111 111111111161611 556222621
111161 0616611161111 111111 111166-
611061. 650. 652. 688. 660. 768.
8162827. 616. 1100. 11861660.
1608.“ 1600. 2266. 2266. 2276.
2651. 2656. 2675 (coru). 2685.
2612. 2660. 6066111. 6128. 6151
= 6186. 6186. 6185. 6101. 6556.
6672. 6715. 5651. 6018. 6010.
6660. 6066. 6106. 6506. 6512.

(11111ιὲ166 16166111611166 111. 111.

6111111111 77111661 765*
Ρ1161111161 1611. 67111661 111. 111.
1860. 2266.
8111111166 77111661 111. 111. 2266.
10616661161111111 1111161111 1. 1611-
161611111 6661011066.)
1111111 67.
8111161111111611611 1. 1116116616 (111
161166111111111111161161 67. 776.

 

