vm. RES MILITARIS. ttt

66116 peregrinorum 3667. 3660.
66116 6616611666661 61 exercitator 61111·
1616 16666661166616 6871.
66611. 6661666661 (661666.) 0.
1666116166166 0. 10.
66166611616616 6785.
7161116161 616116616 661616116661661 Ao·
1661616661661 6635.
Protectores 3050. 3301. 66616616 6738.
66.66166611661 3537.
61. 6. rt. 6708.
66. 616161 1616116 666. 1863.
6661. 66. 66. 3536.
8661116611 5663. 5668. 5661. 6703.

81666166611
. 16151661 3613. 3653. 5508. 5500. 5603.
6. 116166166166606616166616116613613.ι’ 66666661166 3100. 3606.
3585. 61666661161 6116111 6166661666166 3636.
66111166 6166. 3606. 3535166. 3536. 66616116166613613. 5508. 5603.
5530. 6780 (t). decurio 1576. 3676. 3508.
6661161 6166. 666. 173. 687. 3603. 66116 6783131.
3615. 350516. 3536. 3585. 66661616 661166 3676. 3681. 3506.
6661161 6166. 11666. 5508. 5666061611116 3676.
116666. 666. 5608. 5. 1115661 3536.
6661161 1166. trop. 6. 1576. 3067. 666166166 3676. 3681.
3506. 3508. tormonte 3507.
66611611166. 6. o. 506. 5530. 5603. 1156611613676.
66. 6166. 666. 6166116666. 5603. 6666616166166 3616. 3676.
66. 6166. 166166 66 66616116 11661166 66 61661166 3067. 3676. 3681. 3506.
616 816616 6. 1. 11111. 68733600· 66611161166 3616. 5508.
66. 6166. 6. 6. 6661111 66611566 3507. 166666 potetur.

66. 6661. 166. 6653. 666166 661616, 166166 nonpossint ⁶s·
’ 1166616666 1616. 3501. 3587 , 61.·
6666 6166616 3086· 6661166 661 161616166616166 6111116611.
6661116 66616 8666116616 otto.

66666 1116166166111611661166.1 680.
5. Ate 116661661661, 6. tet ott'r.

6. 3661166 6166616166 6713.
666. 6166. 111116661615663. 68586.
81616161, 1116166166 otte.
61. 11666611 3536.
66166161 116161661 61. 6830.
61616616 6767. 6771.
11616666 6767. 6771. mem ³⁴22.
11666166 Syrorum 6661066166616 otto. 61666611166 6500.
Numero 7666161661611) 3616.
8661116116 3180. 6603. 6313. 666666611163180.
6661116116666 66166166,1.661611,0661- 61666661166 3666.
65611616 61 0111661616 3666.
6661116116666 16 8666666616 6011. 166. 6011.
1661116116666 16 8611661 65 5611661 Per·
1516661 66666166 3303.
666. 66611661 t. V. XX. xxt. 6653. 11156666 6653.
666. 66611166. Peo. 16161. 6380. 61661. 6080.
666. 8111666166 5153. ⁰
661. Decorum Perttrte. 3575. 11156666 3575.
666. 116. Vl. 1616. 6611.
166. vt. 61616. 6. 1. 86533388.
166. X. 6661. 3008.
166. xxrt. 66. 8000.

 

