¹ tt 111. DII. DEAE. MYTHOLOGIGA vtrut.

l. 1111111 5050.

11111 1111115000.

11111111111,1. 11111111 11111111.
111111110110. 5050. 50011 1. 11111·

111 1.

1. 1111111111 1000.
11111111 1111. 0111. 111. 0101.
1111111 5000.
1111111 0017.

1. 1111117115.

Ι. 111111010. 0100.

1. 0. 1111111111.

1. 111111111000. 1000. 5000.

1. 0. 11.111.1000.·

1. 1111115007.

1. 11111111 conteraturque 1010.

1. 1111111111 1010. 5000. 5000.

1. 0111117110.

L 011111111 (1111111111111.) 5150.

1. 111111111 1050.

1. 111111111 1111 1111111111 0100.

1. 0.11. 11111 trum 111111115010
= 6088: 111000.

1. 0. 1111111 11111111111115000.

1. 0. 11. 111111111051.

1. 1111111115011.

1. 01111111 000. 005. 000. 1101050.
5000. 5010. .

1.0.11. 01111111001. 000. 001. 001.

1111111. 1. 11111.

1111 0010.

1. 11115000.

11111111, 1. 111111111.

11111 1111011111. 1111111001. 1001.
1500. 1500. 1051 10115. 1000. 1057.
1700. 1000. 0070. 0071. 0000. 0110.
0111. 0110. 0505. 0110.

1. 1111111111 7157.
1. 11111111 70001 11. 0111. 0110.
111 1..(’.11111111111 1111111101 1000.

t. 11111111111111115010.

l. 11111111 1050· (t).

Ι. 1111111111100. 0057.

1. 0.11. 111111111055.
1110111050.

l. 0. 11. 11111111111050.
1111105711.

01111111 1050.

0. 11. 111111111700. 1000.

0. 11. 0111111111 111111111111001.
0. 11. 01111111111111115015.
1111111 1000. 1001· 170111.
101010.
0. 11. 11111111 111111111111001.
Stator 00. 1000.· 0155.

0. 11. 0111111001. 5011.

Ι. 011111111 5010.

1. 0111111 1005.

1. 01111111111111 100011.
1.0.11.111111111111111111111111007.
10. 11. 11111111 11111111111111111

l.
1.
Ι.
1.
1.
ΙΙ
1,
1.

1000. 1070.

1. 0.11. 111111111111111111111111
1111111111 humanarumque 111111
111111 morumque 1111111 1000.

1. 0. 11. 71111110051.

nn L. 01111111111111111111111 110.

1. 0111111111 111111111 107011.

1. 11111111, 01111111 1001.

1111111111 700. 1000. 0000. 0100.
0105. 0000. 0050. 0050. 0000. 0070.
0001. 0000. 0100.

1. 11111111 57701.

1. 111111111111111 11101111 1001.

1. 1111111111 1000.

L. 111111111115770.

1.,1111111111 1005. 5001.

1. 11111111007.

1. 1111111 15001 1. 0111111.

L. 112131111101111111. 11. 111. 11,

1. 11101110001710. 5700.

1. 1. 111111111000.

1. 11111115.

1. 1111111 0011.

1. 111111111111 1071.

1. 111111 107017001001.

1. 111111 1070.

L. 0111111111 1071.

Larum 111111001. 0070. 0071.

111115051.

11111111 Ἁ11. 0010.

1111111 00. 1101.

1111111111111 1111111100· (111111).
111111 1111111 100511.

1111111111 0000.

1. 0. Μ. Τ111111111001. 1005.

1. 0. 11. 1111111110111 1111111111 11-
1111 mr.

1. 1111111111 5010.

0111111 Ι. 111111115017. 1. 01115001.

l 1111111 1111. 11111. 11. 0111. 0150· 1. 11111, v. 11111.
5010. 11111 1000.

1. 11111111115151. 111111111, 1. 11111.

t. tutator 107011. 11111 111. 11, 001. 1110111111. 1111111.

1. 11111 5050. 1100. 1010. 1000. 1001. 5075. stat

1. 01111111 1071. 5050. 5757, 50001.

1. 1111110100. Deus L. 0005. 0050. 0000. 0001.

, 1. 1111111111111 1075· L. 111. 1100.
1.0.11.011111111111.01111111111)5051. 1. 1111111111 11111111 (1111 1100.
1. 0. 11. 11111 1075· 11111 1. 11111111015011.

 

