V. 110011100130110001110111111111111. 73

1011111011 11000101, 0111010111111
10110101, 0111 01111111 0111110101
0111 0011100000101. Μ. 1111101.
101. 5400.

1101. 0101 0101111. 101. 3343;
01. 350.

isun- Antoninus 040. 3457.
Antoninus 101. 4115.

101. 1010011100 3778.

11111. 101. 0101 101. 041.

0. 1. Antoninus Pius 101. 5407.
1111. 111. 01017001 101. 4047. 5104-

0. 1. Μ. 101. 101. 0101. 101. 038, 3053

1111. Μ. 101. Ant. 101. 5510.

11111. 0101. Μ. 101. 111. 5508. 5511.
5303. 5053.

101111101101. 1011. 0077. 3010.

11111. 0001. 110101. 101. 0101101.
5407. 3030.

1111. 0101. Μ. - 0101001. ii. 101.

1111. 0101. Μ. - 101. 0101010.

11111. Μ. - 0101 101. 1030. tuto.

0. 1. Μ. - 0101101. 177.”

1111. 0101. Μ. - 0101 101. 101111-

1111101 princeps. propugator imperti

11111. 0101. Μ. -010110110101101,

1111. 0001. Μ. -· Antoninus 101.
inuictus 11110011 3551.

1101. 0101. Μ. -010170111101, 031.
0377. 5054. 5408. 5355.

111110.-10101017011105000011,

Μ. - Pius 00111 101. 3014.

0. n. Μ. - 010170111 101. 1800.

10110101 1111111110111001 Pius 70111
Aug. 030.

0. 0. 10110101 11111. 1111001001 1111·
1111101101. 1043.

inin. 0101. Μ. 101. 1111101. 011·
1111001 1111111101 400.
010170111101 01111110. munim. 0111.
munins. pontifex 1111110101 50. 013.

11111.11110011101 101. 0111111111ου1 1.1.
3750.

Μ. 101. 1111- 0111170111 101. 01111.
11111. 11100011 10100101115077.

1011. 0101. Μ. - 0101 70111 101.Ι
011111001 ntus. 0111. mss. 001111.
11101. pout. 11111. 030.

101. 70111 011 01.001.1111.101.
010170111101. 00101. 100. 1111.
010170111101. [0111111111] 11111011
1010010111 5077.
00110110011011011011101 01 011011

11111. 801010110101111101101. 0340.

11111. Μ. Antoninus 000. 4040.

Μ. Ant. 101. 1. 1110003.

1111. 101. 101. tit-t. 1340. 0300. 3457.
3000. 5405.

1011. 0101. Antoninus 5308.

11111. 101. Pius 701113043.

Antoninus 101. 0101 70111 11110101

...101. 0101701. 101. itin. 101... 800.

101. 010170111101. 1051.

1011. Antoninus 070.

0111001 001000110101100111101011011011
0101111033.

01101 Μ11001 111001001 uit: 01.
0111101100 0111011001001.

iton. 0101. Μ. 101. Aut. 010170111
101. 11110011 iuuentutis, 00111011
11101011 030.

Numen 101. Antonini 5501.

Antoninus 010111 0011111101 (1. 1051)

1010101101101001001 010111 iton.

1.. Septimii 801011 011 0011111011 ·

101. Atti). Adisit. 1. Qut. 0111.
inin. 101. iiiiinn. 11111. oos. 11.
110001. 01101 11. 100) 5504.

Μ. 10101101 Antoninus 010111 (1. 103)
3530. 4087 3 01. 3413.

Μ. 10101101 Antoninus 0101111111.
0011101101 1111. L. 80111110 801011
0011111011 101. fliius (1.107)450.

Μ. 101. 101. 0101. 1101. 0011111101
(1. 107) 003. 0305. 0058.

1011. 0100. Μ. 101. Ant. 010170111
101. 1. m. 11. 101. 001. n. 1. nto·
eos 047. 3053.

1101. 0101. Μ. 101. 1111101. 011111.
mss. 11100011 101001. 11111. 101. 11111.
ii (1) 0101. L. Septimii 801011 011
0011101011 101. 11111. 101011. 01110.
0111. 1. 0111 Antonini 00101. 811111.
1101. 0111 Antonini 11011. 0011. 051.

1111. 0101. 101 101. 101. 11111. 101.
pronos. 1011. 0101. L. 80111110 80·
1011 0110011101011101. 1110. 10110.
011111. usus. 1001. 1111. 1010111011
ioiteissitui 1. 1. 111101.011101101
Antonini 0011110101 8111011101 110-
101, 0111 Antonini Pti 1101101..
011101011101 simonos, 01117101ου1
00111101 01 0111 001110 10101111

11111. 0101. Μ. 101. 100101. trib.
101. 11110001, 11111. 01011.. 80111-

mit 801011 0011. -10110101 (1. itit)
im9nz.⁶ilsss. Q 101. 111. 01111101.
11111. 101. 1111. 110001 (1. 001) 017.

 

