111. DII. DEAE. MYTHOLOGICA VAmA. 08

1111111 0111111 1788.
Aguntum, 1. luppiter.
Aghn (11111 1050.
.1111111111.1. 11111111.
1111110151 1050.

1111111111 5805.

1111111111, 1. 1111111.
1111111111,1. 1111111111.
1111111111, 1. 11111.

,1111011 1530.

Alcmena 1556.

Aluum 1000.

1111111510. 1057.

1111111111, 1. 11111111.
,11111111 (sort. 8111111111) 5810.
Amor 7000.

Ancharia 1800·

0111111111. 011111 A. (11 1805.
1101111, 01111111. 1058.
Antimachia, 1. matronae.

,11111111 bonus (11111111 mutunus) 0000.

Angerona (111 118·

11111111 den 110· 5808. 111111111800.

(1111 1111110111 1808.

0111111111, 1011111.

11111 Perenna 11118111. 11011. 11.
11111. 1807.

111111 1111111 1810.

,1111111 8111111111 1115038·

Antinous 82³. 0080.

111111 1111. 11111. Amin. 111111111111.
30. 01. 070. 073. 300· 300. 005.
307. 307. 000. 007. 8801100.1

1070. 1033. 1030. 1035. 1511:

0007. 0000. 0100. 0318. 0005.

0008110808. 0803. 503011. 5035·

5015. 5003. 5701. 5700. 5703· 0080.
0100. 0107. 0135. 0183. 0180.
0300. 0300. 0005. 0731.

0111111. 0008. 0587. 0007. 0800.

1111111111, 1111111111, 1. 11111111.
111111011111001 6801 0130.

Auune 11111111 1001. 1800. 18001800.
Aquae 111111 1803. 1000. 0800.

111111 8111117013.

Anu-tiles, 111 - 1335.

1111011 deus 1050.

Arbores, sen -‚ 1. Sex arboren.
Auectius, 1. 1111111111.

11111111, deus - 5873.

Amanus. 0111 - 1033.

,1111111111 (genius 1111111111) 8110.

0111111. 1. 11111111.

1111111111, 11111- 5870.

11111111, 1. mutnus.

11111111 1111 5870.

1111111111, 1. 1111111111.

Arnus 1511·

Α1111111111ς 1111111111.

Asclepius, 1. 01111111111.

1111111011, 1. 1111111111.

1111011111 deun 1082.

ΑΘΑΝΑ ΑΠΟΤΡΟΠΛΙΑ 0130.

1111111111. 5878.

11111 1050· 1808. 1800. 13001003.
0308. 0300. 0330. 0350.

01111. 1000.

A. 111111111111111 0353.

A. 11111111111111 11111111111 1111.

A. 1111111111111 1111111111 1000.

A. 11111111 111111111111110000,
11111111 den 308. 380. 370. 000· ’
11111111,1111111111, 1. 1111111111.
11111111101111187. 5301. 0051.
1111111111 0033.

1111111, 111111111111 - 5877. 5878.
1111110111, 1. 111111111.
Autumnus 0100·

11111111 5811. .
01111111).0111111111),111(1111111)1000.

A. Augustus 1030. 0508. 3000. 0018. A 1111111011, 1. 1111111111.
A. 8111111111. 1008, 1. 31111111. Ι ,1111111 0080.

A. 11111111) 5800.
0111111110. 855.
A. 01111111 1037.

A. 01111111 1007. 100810000000.

0001. 0007.
A. 811111111111111111 0000.
A. 111111111003.

· A. 1111111111) 5700.

A· 1111111 0001.

1. Lycius 1038.

A. 1111113838.

1. 1111111 1000.

A. Pnlntlnuu 000811.

A. praestans 1000.

A. 01111111 1030. 1037. 3071.

Α. 1111111111 0050. ’
A. sulutem 11111111110300.
111111 1111111111111. 11, 1. 080.

11111111111150003707, 1111111111.

5 1111111 1111. 1151.
ἰ 01101011133001111111
¹ 31111011 1083.

01011111111, 1. 1111111111.
3101111111. 1000.

B. 11111111 5010.
11111111 803.

B. Aug. 1307. 1. Apono.
81111111,1. 11111111.
11111111 1111. Vnum. 111. lun. 030. 1000.

1111 11. 5075.

B. 111111111110317. 0018.

B. 11110111 0310.
8111111101111, deus - 1005.

Deus 11111111 B. 1080.

0111111111 B. 1000. 5870.
Belus 5800.

 

