11

9111011111. 1111- 1970.
9111111 1559.
9111111111 1971. 1979. 9191.
9111111111. 111 - 1973.
911111 989. 9101. 9105.
911111 (1) 5997.
9111 111 1519. 15191511. 1515. 1517.
1599 3970. 1911. 5795.
9. 1. 1111597.
1111511111. 1. 1591.
9. d. 11111111111111511.
9. 1. 1111111111 1511.
Augustalium 111 9111111 1591. 5719.
9. 1. 111111 1519.
9. 1111111111111 111111111 1599.

9. 1. 1111111 1590. ·
91ἑ1ὲ61111111111 Domina 1511. 1595.

9111 11111, 1. 11111.
9111 111111 151911.
911111111111, 1. 9111111.

Bonus puer, v. 9111111111.

9111111111 111151191.

911111 5915.

9111111111 9111111111 911111 1971.

91111, 1. 1111111.

91111111, 1. 11111.

9111., v. luppiter.

91111191. 111 - 5991.
1111119111. 9091.

911111111, v· 11111.

9111111111 11111111, 1. 1111111111.

9111111, 1. 11111111.

9111111111 1111 1975.

911111. 111 -’ 9091.

91111111 1181.

9111111, bonus 1111- 19791011.

911111 5989.

91111111 5999.

9111111, 1. 11111111.

91111191, 111 - 1919. ·

111 1111111 C· 5959.

9. August· 1919.

9. 91111111. 11111119.

Domina 9. 5110.

1111111 9. 1111111 1911.
91111111, 91111111111,1. 11111111.
911111 111111111509. 1509.
91111111 1970.

91111 111 5191.

[11. ml. nm. MYTHOLOGICA VARIA.

911111, 1. 11111111.

9111111191 uo·

911111, 111 - 1079.

9111111111. 11111. 1111111511. 1515
1111. 1501. 1517. 1511. 1519. 1579.
1999. 9119. 3111. 1195. 5915.
5791. 5155. 1199. 7919.

91111111 1995. 5199. 5795.

9111111, 11111 - 1919.

911111111111 1999.

911111 (1) 5811. 5151.

1911191118.
9111111111111) 9019. 9911. 5955. 5159.
9111915110.
9. 1. Aug. 5859.
Deus invictus 1111111111 (1.1. 5159.
9111111111. (1) 1991.
9111111111. 1919.
9. 1111111 5111.

Cerberus: ΚΕΡΒΕΡΟΣ miv 1175.
1111111 9. 1199.·

9111111 1111111111 111 5719 111.
111111 deum 111111 9. 5719. 1. 11111

111.

911111111. 1111. 11. 111. 1911111111.
011. 5111111. 119911. 1191131719.
9197. 9191. 9199. 9311. 9599. 1910.
9990. 9899. 9899, 1911,1. 5599.
57115715. 5719. 5803. 5981. 0115.

9. Aug. 1199.

9. 1111111 11111111111111111 11111111
11111111. 9111111111. 011.

9. 11111111) 11111111 11111111 5717.

9. 11111911 1191.

9. Ausum 1111111 1195.

9. 91111111 11111 1111111111 1111111111
9111111111 1193.ι

9. 1111111111) 9190.

9. 111111 11111111 1111111111 1199.·

9. 111111 119711.

9. 1111111111 7995.

’111111 9111111 1111111 August! vol. 11,

91111111 1191.

1911111111) ΘΕΣΜΟΦΟΡΟΣ 9190.

911111111 1999.

91111111, 1111 - 1979.

91111111 1857.

ΧΑΡΩΝ. nomm - 1175.

91111011 1913.

911151, 11111111111111111111111111 91111111, 11111 111 cognomine 11111

habetur 5199.
91111111 5.
91111111 9795.

9111111111 1955. 1791. 9101. 9199.

5919.
9. 1111111 5919.
91111111, 1. Hm·
911111, 1111 - 5105.
9111111111 1111111. 91. 11. 111.
91111, 1. 9111111111.11111.11. 111.

11151111 1907.

91111 1111911111 1919.

9111111111. 1. 1111111111.

9111111111, 1. 11111111.

Clotho 1111.

91111111. 1111 - 1911. 5117.
9. 1111111 1989. 5988.
11111 11111 9., 1. 11111.

9111111111 911.

9111111111 Augustae 9091.

 

