111. DII. DEAE. MYTHOLOGICA vAfflA. 07

1111. 11. 111. 33. 730. 1808. 5010.

5818. 8885. ·
F. 111. 1805.
8. 1181111 1810. 0087.

Feronia 87. 1313. 1315. 1317.1318.

3315. 8000.
F. 1111111111111758.
81811 083811.
8. 111 (11111111110851.
8. 811 11111111 180011.
F. 1111111) 81111111) 5808. 5888
F. 11111111 1813.
818111, 1. Semo 811111.
81111 5808.

81111 1111. Pr. 11111. rn. 111. 811. 81111.
m. 11111. 111. ΙΙ. 1. 380. 081. 1800.

1708. 0070. 0071. 5058.
8, 8111111 131811.
811111008. 0807.

8111811. 11111. 11. 011. 081. 1708.

0070. 0071. 5058.
811111 1003. 1835. 1838. 5785.
8. 111181 1580.
F. 811111 5788.
8111111 1710. 0551111. 8111111.

81118111111811. 11111. 1111111. Venus.
11. lun. 111. 11, 1. 381. 1770. 5781.
8111111 811. 8111111. 1111111. 01. 733.
1070. 1358. 1818. 1800 (= 8858).
1738. 1735. 1738. 1750· 1755.
175711. 1808. 1808. 3808. 3800.
3880. 8858. 8808. 8000. 5810.
5885. 8885. 8787. 8838. 8010.

7030. 7100.
8. 11111111 5708.
8. 1111111111110131.

8. 1811111115. 1750. 5780.

8. 1111111 1758.

F. 1111181 175711.

8. 8111111011 1758.

8. 11111111. 81111111111117383.

8. 1111111111 1758.

8. 1111111111 1111. 111111111757.
0183. 0303.

F. 111111111181111111111 1750.

F. 11111111111111111111 1058.

8. 11111111 811. Pr. 11. 111. 1780.

8. 1181111 11111111111 811. 1111111.
81111. 11. 11111.

8. 11811 811. 11111. 111111. 11. 011.
811. 11111. 111. [111. 330. 383. 788.
000. 1780. 178111. 1780. 1788.
1778. 8083. 5850. 5701.

8. 11811 111. 7088.

8. redux domur 111111113008.

F. redux 11111111 8811 111111111111
1111 8811118087.

8. 111111 1780.

8. 11111111115. 877. 1785.·

8. 1111111 1111111111 1788.

81111 8. 111. 18.

8. 111111 17881888. 5780. 5703.

8. 7111110111 1780.

8. 81111111 1780.

8. 0111111118 (7811111111 Foro·
1111111) 5708.

8. 111111 175711.

8. 1111111811111. m. 111.

8. 111111157οὅ.

811111118885.
8. 111111 81111. 5707.
8. 11111111 1738. 1780.

8. horreorum 8881. 8880. F. 111111111 1787 .-. 5008.

8. 11111111 8111 1111. 8111111. 11111. F. 11111111111111111173011.
m· lul· 81111111853. 58081.

8. 11111 1111 1800 .-. 3858. - 8111111111. 1. 81111.

8. 18111111 1737. 81111110808.

8. 111. 177.· 1188130111. 1880. 811111181111111. 11. 111.
1805. 0885. 0888. 3837. 3708. 8111111.1.111111111.

3880. 5000. 5881. 7183.
8. 111. 111. 1781.
8. 11111111 1780.·

8181111111. 1005

8111111811 8311.

81118111. 1. 1111111111.

811111308. 088. 108811. 1880. 1800
(= 88581. 878811. 1050. 8588.
8811. 7081.

11. 1111111110383.
8. 1111111111 5771.
G. 111111111708. 8577.
G. 1111111 181011.
11. 1111111 000 31700.

81111 deorum durumque:

G. 111111111731.

G. Formarum 88. 1710.

11. 11111 173011.

G. 11111 (11111111 0888.

G. 1111. 111. 111. 171811.

G. 1111811851. 1350. 178011.

F. 81111 1783.

8. honr domestic· 1788.
111111. 81111111 1111111 5787.
8. 1111181 1733.

8. conservatrix 1785. 1780. 5788.
8. 8111115.

F. 8115700.

8. 1111111111 1788.·

8. 11111 175711.

8. 8111111780.

111111 8. 178711.

8. 1111111788.

8. 1111111111 5.

8. 1111111 080811.

8. 1111111111. 178011.

 

